
Address | Opcode | ScalarInstances | VectorInstances | #ofSrcRegs | RegNum |
2016405751546773504|MOV|0|118528|0|
2016405751546773528|IADD|118528|0|1|1  
2016405751546773536|S2R|0|118528|0|
2016405751546773544|ISETP|118528|0|2|1  0  
2016405751546773552|BRA|118528|0|0|
2016405751546773568|IADD|118528|0|2|1  255  
2016405751546773584|MOV|118528|0|1|0  
2016405751546773592|MOV|118528|0|1|255  
2016405751546773600|MOV|118528|0|1|2  
2016405751546773608|MOV|118528|0|1|3  
2016405751546773616|MOV|0|118528|0|
2016405751546773624|MOV|118528|0|1|255  
2016405751546773632|LOP|118528|0|2|2  4  
2016405751546773648|LOP|118528|0|2|3  5  
2016405751546773656|MOV|0|118528|0|
2016405751546773664|LDC|118528|0|1|0  
2016405751546773672|MOV|0|118528|0|
2016405751546773680|LDC|118528|0|1|4  
2016405751546773688|MOV|0|118528|0|
2016405751546773696|LDC|118528|0|1|4  
2016405751546773712|MOV|0|118528|0|
2016405751546773720|LDC|118528|0|1|10  
2016405751546773728|MOV|0|118528|0|
2016405751546773736|LDC|118528|0|1|10  
2016405751546773744|MOV|0|118528|0|
2016405751546773752|LDC|118528|0|1|11  
2016405751546773760|MOV|0|118528|0|
2016405751546773776|LDC|118528|0|1|11  
2016405751546773784|MOV|0|118528|0|
2016405751546773792|LDC|118528|0|1|12  
2016405751546773800|IADD|118528|0|2|8  255  
2016405751546773808|IADD|118528|0|2|9  255  
2016405751546773816|MOV|118528|0|1|8  
2016405751546773824|MOV|118528|0|1|9  
2016405751546773840|ST|118528|0|3|8  9  14  
2016405751546773848|S2R|0|118528|0|
2016405751546773856|MOV|118528|0|1|8  
2016405751546773864|MOV|118528|0|1|8  
2016405751546773872|S2R|0|118528|0|
2016405751546773880|MOV|0|118528|1|9  
2016405751546773888|MOV|0|118528|1|9  
2016405751546773904|IMUL|118528|0|1|0  
2016405751546773912|IMUL|118528|0|1|9  
2016405751546773920|MOV|0|118528|0|
2016405751546773928|IADD|118528|0|2|9  14  
2016405751546773936|IMUL|118528|0|2|9  8  
2016405751546773944|IADD|118528|0|2|8  13  
2016405751546773952|IADD|118528|0|1|8  
2016405751546773968|IADD|118528|0|1|9  
2016405751546773976|IADD|0|118528|2|8  12  
2016405751546773984|ISETP|118528|0|2|8  255  
2016405751546773992|PSETP|0|118528|0|
2016405751546774000|SSY|118528|0|0|
2016405751546774008|BRA|118272|0|0|
2016405751546774016|BRA|256|0|0|
2016405751546774032|I2I|256|0|1|8  
2016405751546774040|BRA|256|0|0|
2016405751546774048|MOV|118272|0|1|255  
2016405751546774056|NOP|118528|0|0|
2016405751546774064|MOV|118528|0|1|8  
2016405751546774072|IADD|118528|0|1|10  
2016405751546774080|ISETP|118528|0|2|9  14  
2016405751546774096|PSETP|0|118528|0|
2016405751546774104|SSY|118528|0|0|
2016405751546774112|BRA|103936|0|0|
2016405751546774120|BRA|14592|0|0|
2016405751546774128|IADD|14592|0|2|9  10  
2016405751546774136|IADD|14592|0|1|9  
2016405751546774144|MOV|0|14592|0|
2016405751546774160|IADD|14592|0|2|9  14  
2016405751546774168|BRA|14592|0|0|
2016405751546774176|MOV|0|103936|0|
2016405751546774184|NOP|118528|0|0|
2016405751546774192|MOV|118528|0|1|9  
2016405751546774200|IADD|0|118528|1|12  
2016405751546774208|IADD|0|118528|1|12  
2016405751546774224|ISETP|0|118528|2|14  8  
2016405751546774232|PSETP|0|118528|0|
2016405751546774240|SSY|118528|0|0|
2016405751546774248|BRA|118045|0|0|
2016405751546774256|BRA|483|0|0|
2016405751546774264|MOV|483|0|1|8  
2016405751546774272|BRA|483|0|0|
2016405751546774288|MOV|0|118045|1|14  
2016405751546774296|NOP|118528|0|0|
2016405751546774304|MOV|0|118528|1|14  
2016405751546774312|ISETP|0|118528|2|15  9  
2016405751546774320|PSETP|0|118528|0|
2016405751546774328|SSY|118528|0|0|
2016405751546774336|BRA|103673|0|0|
2016405751546774352|BRA|14855|0|0|
2016405751546774360|MOV|14855|0|1|9  
2016405751546774368|BRA|14855|0|0|
2016405751546774376|MOV|0|103673|1|15  
2016405751546774384|NOP|118528|0|0|
2016405751546774392|MOV|14432|104096|1|14  
2016405751546774400|ISETP|0|118528|2|12  8  
2016405751546774416|PSETP|0|118528|0|
2016405751546774424|PSETP|0|118528|0|
2016405751546774432|SSY|118528|0|0|
2016405751546774440|BRA|20|0|0|
2016405751546774448|BRA|118508|0|0|
2016405751546774456|ISETP|0|118508|2|12  9  
2016405751546774464|NOP|118528|0|0|
2016405751546774480|SEL|118528|0|1|255  
2016405751546774488|ISETP|0|118528|2|13  255  
2016405751546774496|PSETP|0|118528|0|
2016405751546774504|PSETP|0|118528|0|
2016405751546774512|SSY|118528|0|0|
2016405751546774520|BRA|20|0|0|
2016405751546774528|BRA|118508|0|0|
2016405751546774544|IADD|118508|0|1|10  
2016405751546774552|ISETP|0|118508|2|13  8  
2016405751546774560|NOP|118528|0|0|
2016405751546774568|PSETP|0|118528|0|
2016405751546774576|SSY|118528|0|0|
2016405751546774584|BRA|14468|0|0|
2016405751546774592|BRA|104060|0|0|
2016405751546774608|MOV|0|104060|1|13  
2016405751546774616|ISET|0|104060|2|13  255  
2016405751546774624|SHF|0|104060|2|8  9  
2016405751546774632|SHL|0|104060|1|8  
2016405751546774640|MOV|0|104060|1|8  
2016405751546774648|MOV|104060|0|1|9  
2016405751546774656|IADD|0|104060|2|6  8  
2016405751546774672|IADD|104060|0|2|7  9  
2016405751546774680|MOV|0|104060|1|6  
2016405751546774688|MOV|104060|0|1|7  
2016405751546774696|LD|0|104060|2|6  7  
2016405751546774704|MOV|0|104060|0|
2016405751546774712|MOV|104060|0|1|6  
2016405751546774720|MOV|104060|0|1|255  
2016405751546774736|MOV|104060|0|1|6  
2016405751546774744|MOV|104060|0|1|7  
2016405751546774752|MOV|0|104060|0|
2016405751546774760|MOV|104060|0|1|255  
2016405751546774768|LOP|104060|0|2|6  8  
2016405751546774776|LOP|104060|0|2|7  9  
2016405751546774784|MOV|0|104060|1|12  
2016405751546774800|ISET|0|104060|2|12  255  
2016405751546774808|SHF|0|104060|2|8  9  
2016405751546774816|SHL|0|104060|1|8  
2016405751546774824|MOV|0|104060|1|8  
2016405751546774832|MOV|104060|0|1|9  
2016405751546774840|IADD|0|104060|2|6  8  
2016405751546774848|IADD|104060|0|2|7  9  
2016405751546774864|MOV|0|104060|1|6  
2016405751546774872|MOV|104060|0|1|7  
2016405751546774880|ST|0|104060|3|6  7  16  
2016405751546774888|NOP|118528|0|0|
2016405751546774896|BAR|118528|0|0|
2016405751546774904|MOV|118528|0|1|255  
2016405751546774912|MOV|118528|0|1|6  
2016405751546774928|PBK|0|118528|0|
2016405751546774936|ISETP|592640|0|2|16  0  
2016405751546774944|PSETP|0|592640|0|
2016405751546774960|BRA|592640|0|0|
2016405751546774968|I2I|592640|0|1|255  
2016405751546774976|I2I|592640|0|1|6  
2016405751546774992|IADD|592640|0|1|16  
2016405751546775000|ISETP|0|592640|2|12  6  
2016405751546775008|PSETP|0|592640|0|
2016405751546775016|PSETP|0|592640|0|
2016405751546775024|SSY|592640|0|0|
2016405751546775032|BRA|6945|0|0|
2016405751546775040|BRA|585695|0|0|
2016405751546775056|MOV|0|585695|0|
2016405751546775064|IADD|585695|0|2|6  16  
2016405751546775072|IADD|585695|0|1|6  
2016405751546775080|ISETP|0|585695|2|12  6  
2016405751546775088|NOP|592640|0|0|
2016405751546775096|PSETP|0|592640|0|
2016405751546775104|PSETP|0|592640|0|
2016405751546775120|SSY|592640|0|0|
2016405751546775128|BRA|13890|0|0|
2016405751546775136|BRA|578750|0|0|
2016405751546775144|LOP|578445|305|1|15  
2016405751546775152|I2I|578750|0|1|255  
2016405751546775160|I2I|578445|305|1|6  
2016405751546775168|ISETP|578445|305|2|6  7  
2016405751546775184|NOP|592640|0|0|
2016405751546775192|PSETP|0|592640|0|
2016405751546775200|SSY|592640|0|0|
2016405751546775208|BRA|84520|0|0|
2016405751546775216|BRA|508120|0|0|
2016405751546775224|I2I|0|508120|0|
2016405751546775232|I2I|508120|0|1|6  
2016405751546775248|MOV|0|508120|0|
2016405751546775256|MOV|508120|0|1|6  
2016405751546775264|MOV|508120|0|1|255  
2016405751546775272|MOV|508120|0|1|6  
2016405751546775280|MOV|508120|0|1|7  
2016405751546775288|MOV|0|508120|0|
2016405751546775296|MOV|508120|0|1|255  
2016405751546775312|LOP|508120|0|2|6  8  
2016405751546775320|LOP|508120|0|2|7  9  
2016405751546775328|MOV|508120|0|1|6  
2016405751546775336|MOV|508120|0|1|7  
2016405751546775344|MOV|0|508120|1|18  
2016405751546775352|ISET|0|508120|2|18  255  
2016405751546775360|SHF|0|508120|2|8  9  
2016405751546775376|SHL|0|508120|1|8  
2016405751546775384|MOV|0|508120|1|8  
2016405751546775392|MOV|508120|0|1|9  
2016405751546775400|IADD|0|508120|2|6  8  
2016405751546775408|IADD|508120|0|2|7  9  
2016405751546775416|MOV|0|508120|1|8  
2016405751546775424|MOV|508120|0|1|9  
2016405751546775440|LD|0|508120|2|8  9  
2016405751546775448|MOV|0|508120|1|8  
2016405751546775456|MOV|0|508120|1|12  
2016405751546775464|ISET|0|508120|2|12  255  
2016405751546775472|SHF|0|508120|2|8  9  
2016405751546775480|SHL|0|508120|1|8  
2016405751546775488|MOV|0|508120|1|8  
2016405751546775504|MOV|508120|0|1|9  
2016405751546775512|IADD|0|508120|2|6  8  
2016405751546775520|IADD|508120|0|2|7  9  
2016405751546775528|MOV|0|508120|1|8  
2016405751546775536|MOV|508120|0|1|9  
2016405751546775544|LD|0|508120|2|8  9  
2016405751546775552|MOV|0|508120|1|8  
2016405751546775568|MOV|0|508120|1|14  
2016405751546775576|ISET|0|508120|2|14  255  
2016405751546775584|SHF|0|508120|2|8  9  
2016405751546775592|SHL|0|508120|1|8  
2016405751546775600|MOV|0|508120|1|8  
2016405751546775608|MOV|508120|0|1|9  
2016405751546775616|IADD|0|508120|2|6  8  
2016405751546775632|IADD|508120|0|2|7  9  
2016405751546775640|MOV|0|508120|1|6  
2016405751546775648|MOV|508120|0|1|7  
2016405751546775656|LD|0|508120|2|6  7  
2016405751546775664|MOV|0|508120|1|6  
2016405751546775672|ISETP|0|508120|2|19  20  
2016405751546775680|PSETP|0|508120|0|
2016405751546775696|SSY|508120|0|0|
2016405751546775704|BRA|231192|0|0|
2016405751546775712|BRA|276928|0|0|
2016405751546775720|MOV|0|276928|1|19  
2016405751546775728|BRA|276928|0|0|
2016405751546775736|MOV|0|231192|1|20  
2016405751546775744|NOP|508120|0|0|
2016405751546775760|MOV|0|508120|1|7  
2016405751546775768|ISETP|0|508120|2|7  6  
2016405751546775776|PSETP|0|508120|0|
2016405751546775784|SSY|508120|0|0|
2016405751546775792|BRA|150783|0|0|
2016405751546775800|BRA|357337|0|0|
2016405751546775808|MOV|0|357337|1|7  
2016405751546775824|BRA|357337|0|0|
2016405751546775832|MOV|0|150783|1|6  
2016405751546775840|NOP|508120|0|0|
2016405751546775848|MOV|0|508120|1|6  
2016405751546775856|IADD|508120|0|2|11  16  
2016405751546775864|IMUL|508120|0|2|10  6  
2016405751546775872|IADD|0|508120|2|6  13  
2016405751546775888|MOV|0|508120|1|6  
2016405751546775896|ISET|0|508120|2|6  255  
2016405751546775904|SHF|0|508120|2|6  7  
2016405751546775912|SHL|0|508120|1|6  
2016405751546775920|MOV|0|508120|1|6  
2016405751546775928|MOV|508120|0|1|7  
2016405751546775936|IADD|0|508120|2|2  6  
2016405751546775952|IADD|508120|0|2|3  7  
2016405751546775960|MOV|0|508120|1|6  
2016405751546775968|MOV|508120|0|1|7  
2016405751546775976|LD|0|508120|2|6  7  
2016405751546775984|IADD|0|508120|2|8  6  
2016405751546775992|MOV|0|508120|0|
2016405751546776000|MOV|508120|0|1|6  
2016405751546776016|MOV|508120|0|1|255  
2016405751546776024|MOV|508120|0|1|6  
2016405751546776032|MOV|508120|0|1|7  
2016405751546776040|MOV|0|508120|0|
2016405751546776048|MOV|508120|0|1|255  
2016405751546776056|LOP|508120|0|2|6  8  
2016405751546776064|LOP|508120|0|2|7  9  
2016405751546776080|MOV|0|508120|1|12  
2016405751546776088|ISET|0|508120|2|12  255  
2016405751546776096|SHF|0|508120|2|8  9  
2016405751546776104|SHL|0|508120|1|8  
2016405751546776112|MOV|0|508120|1|8  
2016405751546776120|MOV|508120|0|1|9  
2016405751546776128|IADD|0|508120|2|6  8  
2016405751546776144|IADD|508120|0|2|7  9  
2016405751546776152|MOV|0|508120|1|6  
2016405751546776160|MOV|508120|0|1|7  
2016405751546776168|ST|0|508120|3|6  7  19  
2016405751546776176|NOP|592640|0|0|
2016405751546776184|BAR|592640|0|0|
2016405751546776192|IADD|592640|0|1|0  
2016405751546776208|ISETP|592640|0|2|16  6  
2016405751546776216|PSETP|0|592640|0|
2016405751546776224|BRA|474112|0|0|
2016405751546776232|BRA|118528|0|0|
2016405751546776240|BRK|0|118528|0|
2016405751546776256|LOP|369920|104192|1|17  
2016405751546776272|I2I|474112|0|1|255  
2016405751546776280|I2I|369920|104192|1|6  
2016405751546776288|ISETP|369920|104192|2|6  7  
2016405751546776296|PSETP|0|474112|0|
2016405751546776304|SSY|474112|0|0|
2016405751546776312|BRA|65992|0|0|
2016405751546776320|BRA|408120|0|0|
2016405751546776336|MOV|0|408120|0|
2016405751546776344|MOV|408120|0|1|6  
2016405751546776352|MOV|408120|0|1|255  
2016405751546776360|MOV|408120|0|1|6  
2016405751546776368|MOV|408120|0|1|7  
2016405751546776376|MOV|0|408120|0|
2016405751546776384|MOV|408120|0|1|255  
2016405751546776400|LOP|408120|0|2|6  8  
2016405751546776408|LOP|408120|0|2|7  9  
2016405751546776416|MOV|0|408120|1|12  
2016405751546776424|ISET|0|408120|2|12  255  
2016405751546776432|SHF|0|408120|2|8  9  
2016405751546776440|SHL|0|408120|1|8  
2016405751546776448|MOV|0|408120|1|8  
2016405751546776464|MOV|408120|0|1|9  
2016405751546776472|IADD|0|408120|2|6  8  
2016405751546776480|IADD|408120|0|2|7  9  
2016405751546776488|MOV|0|408120|1|6  
2016405751546776496|MOV|408120|0|1|7  
2016405751546776504|LD|0|408120|2|6  7  
2016405751546776512|MOV|0|408120|0|
2016405751546776528|MOV|408120|0|1|6  
2016405751546776536|MOV|408120|0|1|255  
2016405751546776544|MOV|408120|0|1|6  
2016405751546776552|MOV|408120|0|1|7  
2016405751546776560|MOV|0|408120|0|
2016405751546776568|MOV|408120|0|1|255  
2016405751546776576|LOP|408120|0|2|6  8  
2016405751546776592|LOP|408120|0|2|7  9  
2016405751546776600|MOV|0|408120|1|12  
2016405751546776608|ISET|0|408120|2|12  255  
2016405751546776616|SHF|0|408120|2|8  9  
2016405751546776624|SHL|0|408120|1|8  
2016405751546776632|MOV|0|408120|1|8  
2016405751546776640|MOV|408120|0|1|9  
2016405751546776656|IADD|0|408120|2|6  8  
2016405751546776664|IADD|408120|0|2|7  9  
2016405751546776672|MOV|0|408120|1|6  
2016405751546776680|MOV|408120|0|1|7  
2016405751546776688|ST|0|408120|3|6  7  19  
2016405751546776696|NOP|474112|0|0|
2016405751546776704|BAR|474112|0|0|
2016405751546776720|IADD|474112|0|1|16  
2016405751546776728|BRA|474112|0|0|
2016405751546776752|LOP|92480|26048|1|17  
2016405751546776760|I2I|118528|0|1|255  
2016405751546776768|I2I|92480|26048|1|0  
2016405751546776784|ISETP|92480|26048|2|0  2  
2016405751546776792|PSETP|0|118528|0|
2016405751546776800|SSY|118528|0|0|
2016405751546776808|BRA|18528|0|0|
2016405751546776816|BRA|100000|0|0|
2016405751546776824|MOV|0|100000|0|
2016405751546776832|MOV|100000|0|1|0  
2016405751546776848|MOV|100000|0|1|255  
2016405751546776856|MOV|100000|0|1|2  
2016405751546776864|MOV|100000|0|1|3  
2016405751546776872|MOV|0|100000|0|
2016405751546776880|MOV|100000|0|1|255  
2016405751546776888|LOP|100000|0|2|2  6  
2016405751546776896|LOP|100000|0|2|3  7  
2016405751546776912|MOV|0|100000|1|12  
2016405751546776920|ISET|0|100000|2|12  255  
2016405751546776928|SHF|0|100000|2|6  7  
2016405751546776936|SHL|0|100000|1|6  
2016405751546776944|MOV|0|100000|1|0  
2016405751546776952|MOV|100000|0|1|7  
2016405751546776960|IADD|0|100000|2|2  6  
2016405751546776976|IADD|100000|0|2|3  7  
2016405751546776984|MOV|0|100000|1|2  
2016405751546776992|MOV|100000|0|1|3  
2016405751546777000|LD|0|100000|2|2  3  
2016405751546777008|MOV|0|100000|1|13  
2016405751546777016|ISET|0|100000|2|13  255  
2016405751546777024|SHF|0|100000|2|2  3  
2016405751546777040|SHL|0|100000|1|2  
2016405751546777048|MOV|0|100000|1|2  
2016405751546777056|MOV|100000|0|1|3  
2016405751546777064|IADD|0|100000|2|4  2  
2016405751546777072|IADD|100000|0|2|5  3  
2016405751546777080|MOV|0|100000|1|2  
2016405751546777088|MOV|100000|0|1|3  
2016405751546777104|ST|0|100000|3|2  3  0  
2016405751546777112|NOP|118528|0|0|
2016405751546777120|BRA|118528|0|0|
2016405751546777144|EXIT|118528|0|1|1  
