
Address | Opcode | ScalarInstances | VectorInstances | #ofSrcRegs | RegNum |
4382341778502582272|MOV|0|2000000|0|
4382341778502582296|MOV|0|2000000|0|
4382341778502582304|S2R|0|2000000|0|
4382341778502582312|S2R|0|2000000|0|
4382341778502582320|IMAD|2000000|0|2|4  4  
4382341778502582328|IMAD|0|2000000|2|0  3  
4382341778502582336|SHR|2000000|0|1|4  
4382341778502582352|ISETP|0|2000000|2|0  3  
4382341778502582368|SHF|0|2000000|2|255  0  
4382341778502582376|SHR|0|2000000|1|0  
4382341778502582384|IADD|0|2000000|1|2  
4382341778502582392|IADD|2000000|0|1|22  
4382341778502582400|LDG|0|2000000|2|4  5  
4382341778502582416|IADD|0|2000000|1|2  
4382341778502582424|IADD|2000000|0|1|22  
4382341778502582432|IADD|0|2000000|1|2  
4382341778502582440|IADD|2000000|0|1|22  
4382341778502582448|LDG|0|2000000|2|4  5  
4382341778502582456|LDG|0|2000000|2|6  7  
4382341778502582464|TEXDEPBAR|0|2000000|0|
4382341778502582480|FSETP|0|2000000|1|16  
4382341778502582488|FMUL|0|2000000|1|16  
4382341778502582496|SEL|0|2000000|2|3  16  
4382341778502582504|TEXDEPBAR|0|2000000|0|
4382341778502582512|MOV|0|2000000|1|20  
4382341778502582520|MUFU|0|2000000|1|0  
4382341778502582528|MOV|0|2000000|0|
4382341778502582552|MOV|0|2000000|1|18  
4382341778502582560|FSETP|0|2000000|1|3  
4382341778502582576|SEL|2000000|0|1|0  
4382341778502582584|MUFU|0|2000000|1|3  
4382341778502582592|FMUL|0|2000000|2|0  3  
4382341778502582608|JCAL|2000000|0|3|1  4  5  
4382341778502582616|FSETP|0|2000000|1|4  
4382341778502582624|FMUL|0|2000000|1|4  
4382341778502582632|SEL|0|2000000|2|0  4  
4382341778502582640|MOV|0|2000000|0|
4382341778502582648|MUFU|0|2000000|1|0  
4382341778502582656|FMUL|0|2000000|1|23  
4382341778502582672|FMUL|2000000|0|1|6  
4382341778502582688|FSETP|0|2000000|1|5  
4382341778502582696|FMUL|0|2000000|1|5  
4382341778502582704|FFMA|2000000|0|2|0  6  
4382341778502582712|FMUL32I|0|2000000|1|3  
4382341778502582720|SEL|0|2000000|2|4  5  
4382341778502582736|MOV|0|2000000|0|
4382341778502582744|FFMA|0|2000000|3|23  16  3  
4382341778502582752|MUFU|0|2000000|1|4  
4382341778502582768|MOV|0|2000000|0|
4382341778502582776|FMUL|0|2000000|2|0  3  
4382341778502582784|FADD|0|2000000|2|0  5  
4382341778502582800|FADD|0|2000000|2|0  255  
4382341778502582808|FADD|0|2000000|2|3  255  
4382341778502582816|FFMA|0|2000000|2|5  4  
4382341778502582824|FMUL|0|2000000|1|0  
4382341778502582832|FFMA|0|2000000|2|7  4  
4382341778502582840|FMUL|0|2000000|1|3  
4382341778502582848|FSETP|0|2000000|1|5  
4382341778502582864|FMUL|0|2000000|2|0  6  
4382341778502582872|FSETP|0|2000000|1|9  
4382341778502582888|FMUL|0|2000000|2|3  7  
4382341778502582896|FMUL32I|0|2000000|1|6  
4382341778502582912|MUFU|0|2000000|1|5  
4382341778502582928|SEL|2000000|0|1|4  
4382341778502582936|FMUL32I|0|2000000|1|8  
4382341778502582944|SEL|2000000|0|1|4  
4382341778502582952|MUFU|0|2000000|1|9  
4382341778502582960|FSETP|0|2000000|1|7  
4382341778502582968|FMUL|0|2000000|1|17  
4382341778502582976|FSETP|0|2000000|1|10  
4382341778502582992|FMUL|0|2000000|2|5  6  
4382341778502583000|FMUL|0|2000000|2|8  9  
4382341778502583008|FMUL|2289|86|1|7  
4382341778502583016|FMUL|0|2000000|1|16  
4382341778502583024|FFMA|0|2000000|2|5  11  
4382341778502583032|FMUL|2455|98|1|10  
4382341778502583040|FFMA|0|2000000|2|6  11  
4382341778502583056|FMUL32I|0|2000000|1|9  
4382341778502583064|FFMA|0|2000000|2|5  8  
4382341778502583072|FSETP|0|2000000|1|17  
4382341778502583080|RRO|0|2000000|1|7  
4382341778502583088|RRO|0|2000000|1|10  
4382341778502583096|FFMA|0|2000000|2|6  11  
4382341778502583104|FSETP|0|2000000|1|12  
4382341778502583120|FFMA|0|2000000|2|5  8  
4382341778502583128|MUFU|0|2000000|1|7  
4382341778502583136|FFMA|0|2000000|2|6  10  
4382341778502583144|SEL|0|2000000|2|13  17  
4382341778502583160|MUFU|0|2000000|1|9  
4382341778502583168|FFMA|0|2000000|2|5  8  
4382341778502583184|FMUL|2289|86|2|7  7  
4382341778502583192|FFMA|0|2000000|2|6  10  
4382341778502583200|MUFU|0|2000000|1|11  
4382341778502583208|FMUL|0|2000000|2|5  8  
4382341778502583216|FMUL|2455|98|2|9  9  
4382341778502583224|RRO|0|2000000|1|12  
4382341778502583232|FMUL32I|0|2000000|1|7  
4382341778502583248|FMUL|0|2000000|2|6  10  
4382341778502583264|FMUL32I|0|2000000|1|9  
4382341778502583272|MUFU|0|2000000|1|11  
4382341778502583280|FSETP|0|2000000|2|0  255  
4382341778502583288|FSETP|0|2000000|2|3  255  
4382341778502583296|FMUL|0|2000000|2|7  8  
4382341778502583312|FSETP|0|2000000|1|13  
4382341778502583328|FMUL|0|2000000|2|5  6  
4382341778502583336|FADD|101|480577|1|11  
4382341778502583352|FADD|2175|288982|1|12  
4382341778502583360|FADD|0|2000000|1|11  
4382341778502583376|SEL|2000000|0|1|4  
4382341778502583384|FMUL|0|2000000|2|20  9  
4382341778502583392|MUFU|0|2000000|1|13  
4382341778502583400|FADD|0|2000000|1|12  
4382341778502583408|FMUL|0|2000000|2|18  11  
4382341778502583416|FMUL|0|2000000|2|18  6  
4382341778502583424|MOV|0|2000000|1|21  
4382341778502583440|MOV|0|2000000|1|19  
4382341778502583448|FMUL|0|2000000|2|7  8  
4382341778502583456|FMUL|0|2000000|2|0  12  
4382341778502583464|FMUL|0|2000000|2|0  3  
4382341778502583472|JCAL|2000000|0|3|1  4  5  
4382341778502583480|FSETP|0|2000000|1|4  
4382341778502583488|FMUL|0|2000000|1|4  
4382341778502583504|SEL|0|2000000|2|0  4  
4382341778502583512|MOV|0|2000000|0|
4382341778502583520|MUFU|0|2000000|1|0  
4382341778502583528|FMUL|0|2000000|1|20  
4382341778502583544|FSETP|0|2000000|1|4  
4382341778502583552|FMUL|0|2000000|1|4  
4382341778502583568|FMUL32I|0|2000000|1|0  
4382341778502583576|SEL|0|2000000|2|3  4  
4382341778502583584|FFMA|0|2000000|3|23  17  0  
4382341778502583592|MOV|0|2000000|0|
4382341778502583600|MUFU|0|2000000|1|3  
4382341778502583616|FMUL|0|2000000|2|0  3  
4382341778502583632|FADD|0|2000000|2|0  4  
4382341778502583640|FADD|0|2000000|2|0  255  
4382341778502583648|FADD|0|2000000|2|3  255  
4382341778502583656|FFMA|0|2000000|2|4  10  
4382341778502583664|FMUL|0|2000000|1|0  
4382341778502583672|FMUL|0|2000000|1|3  
4382341778502583680|FFMA|0|2000000|2|6  10  
4382341778502583696|FSETP|0|2000000|1|5  
4382341778502583704|FMUL|0|2000000|2|0  4  
4382341778502583712|FSETP|0|2000000|1|8  
4382341778502583720|FMUL|0|2000000|2|3  7  
4382341778502583736|FMUL32I|0|2000000|1|4  
4382341778502583760|FMUL32I|0|2000000|1|7  
4382341778502583768|SEL|2000000|0|1|10  
4382341778502583776|MUFU|0|2000000|1|5  
4382341778502583784|SEL|2000000|0|1|10  
4382341778502583792|FMUL|0|2000000|1|17  
4382341778502583800|MUFU|0|2000000|1|8  
4382341778502583808|FSETP|0|2000000|1|6  
4382341778502583824|FMUL|0|2000000|2|4  5  
4382341778502583832|FSETP|0|2000000|1|9  
4382341778502583840|FMUL|0|2000000|2|7  8  
4382341778502583848|FMUL|2415|88|1|6  
4382341778502583856|FFMA|0|2000000|2|4  24  
4382341778502583864|FMUL|2561|104|1|9  
4382341778502583872|FMUL32I|0|2000000|1|10  
4382341778502583888|RRO|0|2000000|1|6  
4382341778502583896|FFMA|0|2000000|2|5  24  
4382341778502583904|RRO|0|2000000|1|9  
4382341778502583912|FFMA|0|2000000|2|4  7  
4382341778502583920|FSETP|0|2000000|1|11  
4382341778502583928|FFMA|0|2000000|2|5  10  
4382341778502583936|MUFU|0|2000000|1|6  
4382341778502583952|MUFU|0|2000000|1|8  
4382341778502583960|FFMA|0|2000000|2|4  7  
4382341778502583968|FFMA|0|2000000|2|5  9  
4382341778502583976|FMUL|2415|88|2|6  6  
4382341778502583992|FFMA|0|2000000|2|4  7  
4382341778502584000|FMUL|2561|104|2|8  8  
4382341778502584016|FFMA|0|2000000|2|5  9  
4382341778502584024|FMUL32I|0|2000000|1|6  
4382341778502584032|RRO|0|2000000|1|11  
4382341778502584040|FMUL|0|2000000|2|4  7  
4382341778502584048|FMUL32I|0|2000000|1|8  
4382341778502584056|FMUL|0|2000000|2|5  9  
4382341778502584064|FSETP|0|2000000|2|0  255  
4382341778502584080|FSETP|0|2000000|2|3  255  
4382341778502584088|MUFU|0|2000000|1|10  
4382341778502584096|FMUL|0|2000000|2|6  7  
4382341778502584112|FMUL|0|2000000|2|4  5  
4382341778502584120|IADD|0|2000000|1|2  
4382341778502584128|FADD|86|481504|1|7  
4382341778502584144|FADD|2182|289986|1|12  
4382341778502584152|FMUL|0|2000000|2|21  8  
4382341778502584160|IADD|2000000|0|1|22  
4382341778502584168|FMUL|0|2000000|2|19  7  
4382341778502584176|FADD|0|2000000|1|12  
4382341778502584184|FADD|0|2000000|1|7  
4382341778502584192|IADD|0|2000000|1|2  
4382341778502584208|FFMA|0|2000000|3|3  12  0  
4382341778502584216|FMUL|0|2000000|2|3  6  
4382341778502584224|FADD|0|2000000|2|16  25  
4382341778502584232|FADD|0|2000000|2|18  27  
4382341778502584240|IADD|2000000|0|1|22  
4382341778502584248|FFMA|0|2000000|3|19  7  0  
4382341778502584256|ST|0|2000000|4|4  5  8  9  
4382341778502584272|ST|0|2000000|4|10  11  2  3  
4382341778502584280|EXIT|2000000|0|1|1  
5876210178046558208|FCHK|0|4000000|2|4  5  
5876210178046558232|MUFU|0|4000000|1|5  
5876210178046558240|F2F|0|4000000|1|5  
5876210178046558248|FFMA|0|4000000|2|0  3  
5876210178046558256|FFMA|0|4000000|3|3  5  3  
5876210178046558264|FFMA|0|4000000|3|4  3  255  
5876210178046558272|FFMA|0|4000000|3|0  5  4  
5876210178046558288|FFMA|0|4000000|3|6  3  5  
5876210178046558296|FFMA|0|4000000|3|0  5  4  
5876210178046558304|FFMA|0|4000000|3|0  3  5  
5876210178046558312|BRA|4000000|0|0|
5876210178046558328|RET|4000000|0|2|1  4  
