Total AVI Frames: 104
Frames Processed: 5
endoPoints: 20
epiPoints: 31
---Frame 0---
--endo--
369	400	429	452	476	486	479	458	433	404	374	346	318	294	277	269	275	287	311	339	
408	406	397	383	354	322	294	270	250	237	235	241	254	273	300	328	356	383	401	411	
--epi--
390	419	448	474	501	519	535	542	543	538	528	511	491	466	438	406	376	347	318	291	275	259	256	252	252	257	266	283	305	331	360	
457	454	446	431	411	388	361	331	301	273	243	218	196	178	166	157	155	165	177	197	218	248	276	304	333	361	391	415	434	448	455	
---Frame 1---
--endo--
369	400	429	452	476	486	479	458	433	404	374	346	318	294	277	269	275	287	311	339	
408	406	397	383	354	322	294	270	250	237	235	240	254	273	300	328	356	383	401	411	
--epi--
390	419	448	474	501	519	535	542	543	538	528	511	491	466	438	406	376	347	318	291	275	259	256	252	252	257	266	283	305	331	360	
457	454	446	431	411	388	361	331	301	273	243	218	196	178	166	157	155	165	177	197	218	248	276	304	333	361	391	415	434	448	455	
---Frame 2---
--endo--
369	400	429	450	476	487	480	458	433	404	374	346	318	294	278	270	275	287	311	339	
405	406	397	385	353	322	294	270	250	236	234	240	253	273	301	329	356	383	402	412	
--epi--
390	419	448	474	501	519	535	543	544	538	528	511	491	466	438	406	376	347	318	291	275	259	256	253	253	257	266	283	305	331	360	
457	454	446	431	411	388	361	331	301	273	243	218	196	178	165	158	155	164	176	197	217	247	276	305	334	362	391	416	435	448	456	
---Frame 3---
--endo--
366	400	429	447	478	488	480	458	433	404	374	346	319	296	279	272	276	287	311	339	
408	405	396	388	352	322	293	269	249	234	230	238	252	272	301	328	356	384	402	412	
--epi--
390	419	448	474	501	519	536	543	544	539	528	511	491	466	438	405	375	346	317	290	275	260	258	255	254	258	266	283	305	331	360	
457	454	446	431	411	388	360	331	302	274	243	218	196	178	165	158	154	163	176	198	217	248	277	306	335	362	392	416	435	449	455	
---Frame 4---
--endo--
367	398	427	451	477	488	481	458	433	404	374	348	321	298	282	274	278	287	311	338	
404	404	396	384	350	319	292	268	246	230	228	237	251	272	301	328	355	384	403	413	
--epi--
389	417	446	472	501	519	535	543	544	538	528	511	491	466	438	405	375	345	316	290	275	261	261	257	257	260	266	283	304	330	359	
457	453	446	431	411	388	359	331	302	273	243	218	196	177	165	155	154	163	175	197	218	250	279	307	331	361	393	416	436	449	455	