
Address | Opcode | ScalarInstances | VectorInstances | #ofSrcRegs | RegNum |
14028351851552833536|MOV|0|1048576|0|
14028351851552833560|S2R|0|1048576|0|
14028351851552833568|S2R|0|1048576|0|
14028351851552833576|S2R|0|1048576|0|
14028351851552833584|S2R|0|1048576|0|
14028351851552833592|ISCADD|0|1048576|2|2  4  
14028351851552833600|ISCADD|0|1048576|2|0  3  
14028351851552833616|MOV|0|1048576|0|
14028351851552833624|IMAD|0|1048576|2|4  0  
14028351851552833632|IMAD|0|1048576|2|2  3  
14028351851552833640|IMAD|0|1048576|2|2  3  
14028351851552833648|IMAD|0|1048576|2|0  4  
14028351851552833656|LD|0|1048576|2|6  7  
14028351851552833664|IMAD|0|1048576|2|2  3  
14028351851552833680|IMAD|0|1048576|2|2  3  
14028351851552833688|ST|0|1048576|3|4  5  0  
14028351851552833696|EXIT|1048576|0|1|1  
