-4
-6
9
-10
11
12
16
18
-20
21
-23
-24
25
-27
36
-37
-38
-42
-43
-48
49
-50
52
57
61
-62
64
69
-70
72
-73
-78
-80
81
-83
-88
-89
-95
96
-98
-103
-106
-107
-108
110
-111
-117
-118
-119
-120
-123
124
125
-132
-133
134
137
-138
140
-142
145
-148
150
151
154
155
159
-161
-162
164
165
166
-169
-170
171
177
178
-184
-187
-188
190
191
-194
195
196
199
-200
-207
-210
212
216
217
219
-221
-224
-228
-230
-231
232
-234
235
236
237
243
-244
246
250
-252
253
254
255
256
-258
-259
261
262
264
-265
266
268
269
-270
-272
-273
274
275
276
279
281
283
291
-292
-300
-304
309
-310
311
316
320
321
-324
325
328
-329
331
334
336
-337
-338
-339
-340
-343
-344
345
-347
349
350
-352
-353
354
356
359
-360
-363
364
366
-367
-368
370
375
376
-379
-381
382
-385
387
391
-395
397
402
-403
405
406
407
-408
-418
-419
-420
421
-423
424
-427
-428
-433
436
438
441
444
-447
451
452
-454
456
-457
459
-460
-462
-464
466
-467
469
472
-473
475
-478
480
481
485
-487
489
490
491
-492
493
497
-501
503
-504
505
-511
-514
-518
519
-522
525
-526
-527
-529
-530
531
532
533
536
-538
540
-543
548
-549
550
551
-552
-553
-554
555
557
-559
561
562
-564
-567
569
571
-573
576
-577
579
581
585
590
-593
-594
596
-597
-600
-601
-602
603
604
-605
-607
-609
610
611
612
620
621
622
627
628
629
-630
635
-637
-638
-640
642
645
646
-651
656
657
-659
-663
664
666
668
669
-679
-680
683
-684
685
-686
690
691
-694
695
699
702
703
-704
-707
710
-711
712
-715
-716
717
723
-724
725
-726
-735
736
-739
-740
-742
-743
745
746
747
748
-752
-754
-755
-757
758
762
-767
768
769
-771
-773
-775
778
779
780
781
-783
-784
-786
-787
-794
795
-797
-799
-800
-805
-806
-808
809
-811
812
-815
821
823
-827
-829
830
833
-834
836
838
840
-841
843
-845
846
847
848
849
-850
851
-852
853
-856
-859
-861
-864
-865
870
-872
879
880
-886
889
-891
-895
897
-903
-905
-907
-914
-916
-917
918
920
-921
-922
923
-926
-934
936
-937
938
-939
-940
-941
-942
943
944
-945
-949
951
952
-957
-960
-961
962
-963
-964
967
969
-971
972
973
974
-976
-978
-979
-985
991
993
-999
-1001
-1002
1006
-1010
1011
1012
-1014
1018
-1019
-1020
1021
-1024
-1025
-1027
-1028
-1029
1030
-1031
1035
-1036
1040
-1042
-1043
1044
1045
1046
1048
-1051
1056
-1058
1060
-1066
1069
-1071
1074
1076
1079
-1080
1081
-1082
1083
-1086
1087
1088
-1092
1093
-1094
1096
-1097
1098
1102
-1103
1105
-1107
-1108
1110
-1115
-1117
1120
-1121
-1126
1127
-1133
1134
-1136
-1138
1139
1140
1142
1143
1147
1149
-1150
-1153
-1157
-1158
-1162
1166
1168
1170
1171
1173
1178
-1180
1183
-1184
1185
1186
1187
1188
-1189
-1190
-1196
-1202
1203
-1206
1208
1209
1212
1218
1219
1220
-1221
1222
1224
-1225
-1226
1228
1230
1233
1236
-1237
-1241
-1247
-1249
-1251
-1253
1259
1262
-1264
-1265
-1266
1267
1270
-1274
-1276
1277
-1278
-1280
-1283
1287
1288
-1289
1290
-1292
1294
1295
-1296
1297
1299
-1304
1306
1307
-1308
-1312
-1314
1315
1316
1318
1320
1322
-1328
1329
-1331
-1332
1333
-1339
-1341
-1343
-1344
1345
1347
-1348
-1352
1355
1356
1359
1360
1367
1368
-1369
-1372
1373
1374
-1375
1378
1381
-1383
-1391
-1392
1393
-1394
1400
1401
-1402
1403
-1405
1406
1409
1412
-1415
-1417
-1421
1423
1424
1425
1426
-1427
1429
1430
1431
1435
1438
1442
-1443
-1444
-1445
-1447
1450
1456
-1461
1464
-1466
1467
-1468
-1469
1470
1471
1473
1476
-1478
1481
-1483
1484
-1485
-1486
-1491
1492
-1494
1497
-1499
1500
-1505
1509
-1510
-1513
-1514
1515
-1517
1519
-1520
1525
1527
-1529
1532
1534
1538
1540
-1544
-1548
-1549
1553
1554
-1555
-1558
-1559
1562
-1563
1564
1565
-1566
-1568
-1569
-1570
-1572
-1573
1574
1575
1576
1577
-1584
-1586
1589
1592
1593
1598
-1599
-1601
1603
1605
-1607
1615
1616
-1618
-1625
1626
-1629
1633
1635
1637
-1651
1652
-1654
1656
-1658
-1659
1662
1663
-1665
-1667
-1668
-1670
1672
1673
-1675
1676
1677
1681
1683
1684
-1687
-1688
-1693
-1694
1696
-1697
1699
1700
1701
-1705
-1706
1709
1710
-1713
-1714
-1715
1716
1721
1722
1723
-1724
-1725
1727
1728
1730
1731
1734
-1736
1737
1744
1745
1748
1749
-1750
1751
-1752
1756
-1760
-1761
1763
-1771
-1773
-1774
1775
1779
-1780
-1782
1783
1786
1788
-1790
1792
1794
1798
1806
1807
1813
1816
-1818
-1819
-1822
1823
1824
1827
1829
-1831
-1834
-1839
-1840
-1843
1844
-1845
-1846
1848
-1849
-1851
-1852
-1853
1854
-1856
-1858
-1859
1860
1863
-1865
1871
-1872
1873
-1875
1876
1877
-1880
1881
-1886
1887
-1888
-1895
-1896
1899
1901
1904
1909
1914
-1916
-1919
1920
1923
1925
1927
-1930
1931
1933
1934
1939
1942
1944
1945
1950
-1955
-1956
-1957
-1958
1959
1961
1967
1972
1975
1979
-1980
-1981
-1982
1983
-1984
-1985
-1986
-1987
-1989
-1990
-1992
-1993
-1994
-1996
-1997
-2000
-2003
2004
-2006
2010
2013
-2015
-2017
-2020
2022
-2023
-2027
-2028
-2030
2034
-2038
-2042
-2043
-2048
-2049
2051
2053
2055
2057
2059
-2066
-2068
-2069
2070
2071
2077
2079
-2081
-2083
-2084
-2085
2086
2087
-2092
2093
-2096
-2098
-2099
-2101
-2103
2104
-2105
2106
-2107
2108
-2110
-2111
-2115
2116
2118
2123
-2126
2127
-2129
-2130
-2132
-2133
2134
2135
2136
-2139
-2140
2141
-2149
-2150
-2151
-2154
2155
2157
-2159
-2160
-2161
2164
2166
2168
2170
-2171
-2174
-2178
-2179
2181
-2182
2183
2184
2185
2189
-2190
-2191
2193
2196
-2197
2198
2199
-2200
2206
-2211
-2212
-2216
2217
2218
-2219
2222
-2225
2226
-2228
-2229
2230
2231
2232
2234
-2235
-2236
-2237
-2238
-2239
-2243
2247
2249
2250
-2251
2252
-2256
2257
2258
-2259
2260
2263
-2267
2269
2270
-2272
-2275
2277
2278
-2280
2281
2282
2283
2288
2289
2290
2295
-2296
-2297
2301
-2302
2303
2304
2307
-2310
-2311
2314
2316
2320
-2323
2325
2326
2328
2330
-2331
2336
2337
-2338
2340
2343
-2344
2346
-2348
-2349
2350
-2351
2352
2353
2355
-2357
2358
2363
-2365
2367
-2368
2369
2370
-2371
2372
2373
2374
2375
2381
-2391
-2392
-2395
-2396
-2397
-2401
-2402
-2403
2406
-2407
-2408
2410
2411
2413
-2414
-2420
2424
-2425
-2428
2429
-2433
2434
-2435
-2438
-2439
2445
-2450
-2453
-2455
-2457
2460
-2461
2466
-2467
-2468
2473
-2475
-2476
2480
-2481
2484
-2486
2488
2491
-2492
-2493
2495
2499
2500
2501
2503
2508
-2509
2511
-2512
2513
-2514
-2515
2517
2520
-2522
-2523
2526
2527
2529
2530
2531
2533
2534
-2536
-2538
2543
2544
2546
2547
-2548
-2549
2552
2553
-2554
2556
-2563
2566
2568
-2574
2575
-2576
-2579
-2584
-2585
-2588
-2590
-2592
2594
-2596
-2597
-2598
-2602
2603
2606
-2607
-2612
-2613
-2614
2617
2628
2629
2631
2632
2636
-2637
2638
2639
-2644
-2646
2648
-2649
2661
-2662
2664
2666
-2667
-2668
-2669
2674
2677
2678
2681
-2685
-2686
2687
2689
-2690
2691
2693
2694
-2696
-2697
-2698
-2701
2702
-2703
2704
2707
-2709
2711
2712
-2713
2714
2716
2717
2721
2724
-2726
2727
-2728
2729
-2730
2731
2733
2736
-2737
2740
2745
-2746
-2747
2753
-2756
2757
-2758
2763
-2770
-2772
2773
-2775
2777
2779
2783
-2784
-2785
-2789
2790
2792
2793
-2796
2801
2803
-2804
2806
2807
2809
2813
-2816
2817
2818
-2820
-2821
2824
2826
2827
-2831
-2834
-2835
2837
2838
-2839
2840
2848
2849
-2852
-2853
2855
2856
2857
-2858
2864
2868
2869
2871
-2872
-2873
-2874
-2875
-2878
2879
2881
-2882
2884
2885
-2886
-2887
-2888
-2890
2891
2894
2897
-2899
-2900
-2902
-2904
2905
-2906
-2909
-2910
2911
2915
2916
-2918
-2919
-2922
2924
-2925
2927
2929
-2930
2931
-2934
2938
-2942
2944
-2949
2951
2953
2954
2964
-2968
-2973
-2975
-2977
-2978
2979
2981
-2982
2983
-2994
-2995
-2997
2998
2999
3001
-3003
-3015
-3016
3019
3021
3022
-3023
3024
-3025
-3028
3031
-3033
-3034
-3035
-3036
3037
-3040
3041
3042
3044
3045
-3050
3051
3052
3053
3054
3055
3057
-3058
3059
-3060
-3062
3063
3065
3068
-3071
3074
3075
3076
-3077
3080
-3082
-3083
3087
3088
3091
3092
3093
3094
3097
-3098
-3101
3103
3104
3106
3107
3108
3109
3111
3112
3113
-3114
-3115
-3118
3119
3120
3123
3124
3125
-3126
3127
3131
-3132
-3138
3142
-3143
-3145
3147
-3149
-3150
-3153
3155
-3156
-3158
-3160
3161
3164
3165
3169
-3172
3175
3176
-3180
3181
3184
3185
3186
3194
-3196
3197
-3198
3199
3200
-3202
3206
-3208
3209
3210
3211
3213
3215
3216
3220
3221
-3222
-3223
3224
-3225
-3226
-3228
-3231
3234
-3237
3240
-3246
3247
3249
3251
-3252
-3253
-3254
3255
3256
-3260
3263
3267
-3269
-3270
3271
-3273
-3274
-3275
-3277
3278
3283
3285
-3286
-3293
-3297
-3301
3302
-3303
-3304
-3314
-3316
-3322
3324
3325
-3326
3329
3330
-3332
3333
3334
3335
3338
-3341
3342
3343
3346
-3347
3348
-3349
-3352
-3355
3357
-3360
3361
3367
3368
-3369
3373
3375
3377
-3378
-3379
-3384
3385
-3386
-3388
3392
3393
-3395
3401
3406
3407
-3413
-3415
3425
-3426
3429
3430
3432
-3434
-3436
-3438
3440
-3441
-3444
-3445
3448
3449
-3450
3454
-3455
3456
3460
3461
3463
-3465
-3471
3472
-3473
-3476
3477
3479
3481
3482
-3483
-3486
-3487
3489
3493
-3494
-3495
3503
-3506
3507
3511
-3513
-3517
-3519
3521
-3524
-3525
3527
3528
-3534
-3538
3540
-3543
3544
3546
3551
-3554
3557
3559
-3560
3562
3564
-3569
-3570
-3571
3572
3573
-3574
3576
3582
3584
-3586
-3588
3590
-3592
3594
3595
3596
-3597
3598
-3599
3602
3605
-3606
3607
-3608
3611
3613
3614
-3616
-3619
-3620
3621
-3623
3628
-3629
-3631
-3632
3633
-3634
-3640
-3641
-3642
-3645
3647
3648
-3649
3650
3651
-3652
3654
-3657
3658
3659
-3660
3663
-3665
3666
-3669
3673
-3674
-3676
3677
-3678
-3679
-3684
-3685
-3689
-3690
-3692
3695
3698
3705
3707
3709
3715
3718
3720
3721
-3722
-3723
3724
3725
3728
-3732
3738
3740
-3741
-3744
3745
3751
3754
3756
-3757
3759
3761
-3763
3765
-3766
-3771
-3772
3773
3776
-3780
3783
3784
3785
3787
-3788
-3792
3794
3796
3797
3798
3799
-3800
3801
-3802
3804
-3806
3807
3808
-3809
-3810
-3812
-3817
-3822
-3828
3829
3831
3832
3833
-3836
3838
3839
-3840
-3841
3842
3844
-3845
-3849
-3851
3854
3855
3861
3862
-3864
3866
-3867
-3869
-3875
3876
3877
3878
-3885
-3886
-3890
-3893
3895
-3897
-3898
3903
3904
3908
-3911
3912
3914
3917
-3925
3928
3930
-3934
3935
-3939
-3941
3942
-3946
3947
-3949
-3951
-3953
-3954
3955
3958
-3959
-3960
-3963
-3965
-3968
3970
3974
-3975
-3977
3983
-3984
-3985
-3988
-3991
-3993
-3995
-3997
3998
