WG size of kernel 1 = 256, WG size of kernel 2= 8 X 8
Read file from /home/previlon/nusassifi//suites/rodinia/data/gaussian/matrix16.txt 
Matrix m is: 
    0.00     0.00     0.00     0.00     0.00     0.00     0.00     0.00     0.00     0.00     0.00     0.00     0.00     0.00     0.00     0.00 
    1.17     0.00     0.00     0.00     0.00     0.00     0.00     0.00     0.00     0.00     0.00     0.00     0.00     0.00     0.00     0.00 
   -1.17    -1.00     0.00     0.00     0.00     0.00     0.00     0.00     0.00     0.00     0.00     0.00     0.00     0.00     0.00     0.00 
    0.50     0.34     0.91     0.00     0.00     0.00     0.00     0.00     0.00     0.00     0.00     0.00     0.00     0.00     0.00     0.00 
   -0.33    -0.11     0.97     1.09     0.00     0.00     0.00     0.00     0.00     0.00     0.00     0.00     0.00     0.00     0.00     0.00 
    0.83    -0.14     1.43   -15.28    -9.30     0.00     0.00     0.00     0.00     0.00     0.00     0.00     0.00     0.00     0.00     0.00 
    0.83    -0.40     1.64   -10.41    -7.07     0.71     0.00     0.00     0.00     0.00     0.00     0.00     0.00     0.00     0.00     0.00 
    0.67     0.06     0.20    -9.93    -5.60     0.54   -13.08     0.00     0.00     0.00     0.00     0.00     0.00     0.00     0.00     0.00 
    0.17    -0.03    -0.91     0.13     0.13    -0.08    -4.69     0.23     0.00     0.00     0.00     0.00     0.00     0.00     0.00     0.00 
   -0.83    -1.14     2.49    -9.88    -6.71     0.66    -3.64     0.18     1.80     0.00     0.00     0.00     0.00     0.00     0.00     0.00 
    1.00     0.69    -0.06    -5.40    -2.73     0.37    -2.24     0.20    -0.68     0.08     0.00     0.00     0.00     0.00     0.00     0.00 
    1.00     0.00     2.13   -22.20   -13.94     1.32   -16.03     1.30     2.24     1.27    -5.12     0.00     0.00     0.00     0.00     0.00 
    0.50     1.03    -2.27     7.55     4.87    -0.54     1.29    -0.03    -2.75    -2.88     4.41     0.66     0.00     0.00     0.00     0.00 
   -0.67    -0.06    -1.33    16.20     9.81    -1.07     2.67    -0.24     1.45     4.06    -0.59     0.91    -0.10     0.00     0.00     0.00 
   -0.33     0.66    -2.53    18.92    11.32    -1.27     7.14    -0.60     0.53     2.30    -0.87    -1.89    -1.65     4.18     0.00     0.00 
    1.67    -0.03     2.77   -31.46   -19.42     2.00   -10.14     0.96    -0.03    -0.98    -2.39    -0.03     0.13    -2.98    -0.50     0.00 

Matrix a is: 
   -0.60    -0.40    -0.70     0.40     0.80     0.20     0.60     0.40    -0.80    -0.40    -0.80    -0.20     0.10    -0.20     0.90    -0.70 
    0.00     1.17     1.82     0.43    -1.03     0.07     0.10    -0.67     0.23    -0.53     0.03    -0.37    -0.82     1.03    -2.05     0.72 
   -0.00     0.00     0.80     0.40     0.20     1.30     0.80     0.50    -1.70    -0.70    -0.50    -0.50    -1.50     1.10    -1.10     0.30 
    0.00     0.00     0.00     0.09    -1.23    -1.30    -1.86    -1.03     1.37     1.12     1.04     1.68     1.79    -0.45     0.85    -0.17 
    0.00     0.00    -0.00     0.00     2.09     0.74     0.97     0.99     0.12    -1.44    -0.92    -2.26    -1.26    -1.02     0.50     0.04 
    0.00    -0.00    -0.00    -0.00     0.00   -15.60   -20.20    -8.01    24.19     5.31     9.11     4.53    17.82   -17.07    17.43    -2.03 
    0.00    -0.00    -0.00     0.00     0.00     0.00     0.20     0.72     0.51    -0.02    -1.62    -0.74    -0.43    -0.15     0.71     0.77 
   -0.00    -0.00    -0.00     0.00     0.00     0.00    -0.00     9.61     7.69     0.68   -19.27    -7.76    -3.88    -3.43     9.93    10.99 
   -0.00     0.00    -0.00    -0.00    -0.00     0.00     0.00     0.00     1.01    -1.28    -2.95    -1.68    -0.97     0.50     0.99     2.13 
   -0.00    -0.00    -0.00     0.00     0.00     0.00    -0.00    -0.00     0.00     0.74     0.76     0.36     0.34    -1.68     1.21    -3.36 
    0.00     0.00     0.00    -0.00     0.00     0.00     0.00     0.00     0.00    -0.00    -1.04    -0.52    -0.18     1.88     0.13     1.14 
    0.00     0.00    -0.00     0.00    -0.00    -0.00    -0.00     0.00    -0.00     0.00     0.00     0.79     1.55     8.18    -0.53     4.01 
    0.00     0.00    -0.00    -0.00    -0.00    -0.00    -0.00     0.00     0.00     0.00    -0.00    -0.00    -2.28   -17.03     5.34   -12.90 
    0.00     0.00     0.00     0.00     0.00     0.00    -0.00    -0.00    -0.00     0.00    -0.00    -0.00     0.00    -1.83    -4.69     6.09 
    0.00    -0.00     0.00    -0.00     0.00    -0.00    -0.00    -0.00     0.00     0.00     0.00     0.00     0.00     0.00    24.90   -29.71 
    0.00     0.00     0.00    -0.00    -0.00    -0.00     0.00     0.00     0.00     0.00    -0.00     0.00    -0.00    -0.00     0.00     0.82 

Array b is: 
0.45 -0.23 2.94 -3.53 2.18 -37.63 1.17 14.43 1.85 -3.64 2.90 9.32 -24.17 2.29 -20.32 0.49 

The final solution is: 
-0.10 -0.00 -0.50 0.30 0.70 0.50 -0.60 0.90 -0.30 0.70 0.10 -0.70 -0.50 1.00 -0.10 0.60 


Time total (including memory transfers)	0.159690 sec
Time for CUDA kernels:	0.000417 sec
