
Address | Opcode | ScalarInstances | VectorInstances | #ofSrcRegs | RegNum |
8473873769524363264|MOV|0|50176|0|
8473873769524363288|S2R|0|50176|0|
8473873769524363296|S2R|0|50176|0|
8473873769524363304|IMAD|0|50176|2|0  3  
8473873769524363312|ISETP|0|50176|1|0  
8473873769524363320|BRA|176|0|0|
8473873769524363328|MOV|0|50000|0|
8473873769524363344|IMAD|0|50000|2|0  5  
8473873769524363352|IMAD|0|50000|2|0  5  
8473873769524363360|IMAD|0|50000|2|0  5  
8473873769524363368|LD|0|50000|2|6  7  
8473873769524363376|IMAD|0|50000|2|0  5  
8473873769524363384|LD|0|50000|2|8  9  
8473873769524363392|IMAD|0|50000|2|0  5  
8473873769524363408|IMAD|0|50000|2|0  5  
8473873769524363416|FADD|0|50000|2|3  2  
8473873769524363424|ST|0|50000|3|4  5  0  
8473873769524363432|EXIT|50176|0|1|1  
