2048
0 8
8 10
18 4
22 9
31 8
39 6
45 8
53 6
59 7
66 6
72 6
78 10
88 6
94 6
100 4
104 4
108 5
113 6
119 11
130 6
136 5
141 5
146 7
153 5
158 7
165 8
173 4
177 5
182 8
190 3
193 5
198 6
204 6
210 7
217 12
229 6
235 5
240 6
246 8
254 7
261 9
270 7
277 7
284 8
292 4
296 9
305 10
315 3
318 11
329 9
338 6
344 6
350 7
357 6
363 3
366 4
370 10
380 5
385 6
391 9
400 12
412 7
419 4
423 5
428 6
434 7
441 7
448 8
456 6
462 9
471 6
477 4
481 6
487 8
495 5
500 9
509 6
515 6
521 6
527 6
533 8
541 5
546 4
550 3
553 7
560 7
567 8
575 5
580 8
588 3
591 5
596 7
603 6
609 9
618 7
625 6
631 7
638 5
643 7
650 6
656 6
662 6
668 12
680 5
685 6
691 10
701 7
708 11
719 6
725 6
731 6
737 8
745 8
753 4
757 6
763 5
768 7
775 7
782 7
789 2
791 7
798 4
802 8
810 4
814 5
819 6
825 4
829 6
835 4
839 8
847 4
851 3
854 7
861 5
866 14
880 9
889 6
895 3
898 8
906 6
912 4
916 8
924 3
927 5
932 10
942 3
945 10
955 7
962 4
966 5
971 4
975 6
981 4
985 7
992 4
996 4
1000 6
1006 7
1013 11
1024 4
1028 6
1034 8
1042 4
1046 6
1052 5
1057 5
1062 8
1070 7
1077 7
1084 7
1091 6
1097 10
1107 8
1115 7
1122 6
1128 6
1134 5
1139 8
1147 6
1153 6
1159 10
1169 6
1175 6
1181 4
1185 4
1189 8
1197 6
1203 4
1207 5
1212 6
1218 11
1229 7
1236 6
1242 5
1247 9
1256 4
1260 4
1264 4
1268 5
1273 6
1279 8
1287 6
1293 6
1299 3
1302 5
1307 10
1317 7
1324 7
1331 5
1336 4
1340 7
1347 9
1356 7
1363 2
1365 7
1372 9
1381 6
1387 6
1393 7
1400 5
1405 9
1414 6
1420 7
1427 4
1431 10
1441 7
1448 8
1456 9
1465 8
1473 8
1481 5
1486 4
1490 4
1494 6
1500 9
1509 11
1520 4
1524 2
1526 4
1530 6
1536 6
1542 5
1547 4
1551 6
1557 8
1565 4
1569 4
1573 6
1579 5
1584 7
1591 7
1598 5
1603 8
1611 9
1620 10
1630 7
1637 8
1645 5
1650 10
1660 6
1666 6
1672 7
1679 7
1686 5
1691 3
1694 7
1701 7
1708 4
1712 4
1716 9
1725 4
1729 4
1733 7
1740 3
1743 4
1747 9
1756 6
1762 6
1768 7
1775 8
1783 8
1791 10
1801 4
1805 7
1812 7
1819 10
1829 7
1836 6
1842 6
1848 4
1852 4
1856 5
1861 6
1867 4
1871 10
1881 6
1887 6
1893 7
1900 4
1904 3
1907 4
1911 9
1920 5
1925 7
1932 3
1935 7
1942 7
1949 4
1953 5
1958 8
1966 5
1971 3
1974 5
1979 7
1986 4
1990 5
1995 5
2000 5
2005 8
2013 8
2021 8
2029 5
2034 6
2040 7
2047 7
2054 6
2060 6
2066 5
2071 4
2075 5
2080 6
2086 6
2092 6
2098 6
2104 3
2107 6
2113 7
2120 5
2125 5
2130 4
2134 6
2140 5
2145 4
2149 5
2154 5
2159 7
2166 8
2174 7
2181 7
2188 8
2196 6
2202 3
2205 9
2214 5
2219 7
2226 8
2234 6
2240 6
2246 7
2253 6
2259 11
2270 5
2275 8
2283 7
2290 3
2293 8
2301 5
2306 6
2312 5
2317 4
2321 8
2329 6
2335 5
2340 3
2343 5
2348 7
2355 6
2361 7
2368 5
2373 5
2378 4
2382 4
2386 7
2393 8
2401 6
2407 7
2414 6
2420 5
2425 4
2429 6
2435 8
2443 6
2449 3
2452 7
2459 10
2469 9
2478 8
2486 3
2489 5
2494 4
2498 7
2505 5
2510 5
2515 6
2521 7
2528 7
2535 6
2541 11
2552 5
2557 3
2560 5
2565 3
2568 8
2576 5
2581 3
2584 4
2588 4
2592 6
2598 6
2604 5
2609 7
2616 7
2623 6
2629 4
2633 6
2639 4
2643 8
2651 5
2656 3
2659 3
2662 3
2665 4
2669 5
2674 7
2681 4
2685 4
2689 11
2700 7
2707 3
2710 4
2714 8
2722 6
2728 3
2731 4
2735 3
2738 13
2751 5
2756 2
2758 8
2766 6
2772 5
2777 8
2785 6
2791 6
2797 8
2805 6
2811 2
2813 8
2821 3
2824 8
2832 8
2840 7
2847 4
2851 6
2857 2
2859 7
2866 6
2872 6
2878 5
2883 6
2889 6
2895 7
2902 5
2907 4
2911 8
2919 7
2926 6
2932 3
2935 10
2945 3
2948 8
2956 4
2960 9
2969 8
2977 4
2981 6
2987 9
2996 5
3001 4
3005 7
3012 3
3015 3
3018 9
3027 10
3037 2
3039 5
3044 4
3048 7
3055 4
3059 8
3067 5
3072 5
3077 8
3085 5
3090 6
3096 7
3103 7
3110 4
3114 5
3119 9
3128 3
3131 4
3135 8
3143 8
3151 4
3155 7
3162 8
3170 3
3173 5
3178 8
3186 6
3192 5
3197 6
3203 6
3209 8
3217 5
3222 6
3228 6
3234 9
3243 7
3250 3
3253 9
3262 4
3266 5
3271 6
3277 6
3283 7
3290 8
3298 5
3303 8
3311 7
3318 8
3326 6
3332 3
3335 8
3343 3
3346 6
3352 6
3358 6
3364 8
3372 6
3378 8
3386 9
3395 9
3404 7
3411 7
3418 3
3421 5
3426 7
3433 8
3441 7
3448 4
3452 4
3456 6
3462 8
3470 7
3477 3
3480 7
3487 9
3496 6
3502 6
3508 3
3511 4
3515 7
3522 4
3526 5
3531 3
3534 6
3540 7
3547 4
3551 3
3554 9
3563 7
3570 7
3577 4
3581 6
3587 9
3596 7
3603 7
3610 7
3617 7
3624 5
3629 7
3636 7
3643 6
3649 10
3659 7
3666 4
3670 6
3676 4
3680 8
3688 4
3692 6
3698 5
3703 7
3710 6
3716 11
3727 3
3730 7
3737 9
3746 8
3754 4
3758 6
3764 3
3767 4
3771 6
3777 3
3780 6
3786 4
3790 5
3795 4
3799 4
3803 6
3809 8
3817 7
3824 5
3829 10
3839 7
3846 6
3852 6
3858 9
3867 7
3874 5
3879 7
3886 8
3894 5
3899 7
3906 7
3913 6
3919 4
3923 7
3930 8
3938 4
3942 3
3945 6
3951 4
3955 7
3962 8
3970 4
3974 7
3981 4
3985 6
3991 4
3995 6
4001 4
4005 7
4012 5
4017 4
4021 7
4028 6
4034 3
4037 7
4044 5
4049 5
4054 6
4060 10
4070 6
4076 5
4081 4
4085 7
4092 5
4097 8
4105 7
4112 8
4120 3
4123 5
4128 8
4136 7
4143 5
4148 7
4155 9
4164 3
4167 5
4172 5
4177 6
4183 6
4189 5
4194 8
4202 5
4207 6
4213 3
4216 8
4224 5
4229 6
4235 7
4242 5
4247 10
4257 6
4263 5
4268 5
4273 4
4277 6
4283 5
4288 9
4297 8
4305 6
4311 9
4320 3
4323 7
4330 8
4338 7
4345 5
4350 7
4357 8
4365 8
4373 7
4380 6
4386 3
4389 5
4394 4
4398 6
4404 5
4409 5
4414 5
4419 7
4426 6
4432 9
4441 7
4448 5
4453 5
4458 2
4460 6
4466 8
4474 6
4480 3
4483 8
4491 4
4495 2
4497 3
4500 6
4506 5
4511 7
4518 5
4523 4
4527 5
4532 10
4542 9
4551 4
4555 8
4563 4
4567 6
4573 6
4579 4
4583 7
4590 5
4595 8
4603 4
4607 7
4614 5
4619 3
4622 7
4629 5
4634 6
4640 8
4648 4
4652 8
4660 6
4666 7
4673 6
4679 6
4685 3
4688 5
4693 5
4698 6
4704 4
4708 6
4714 6
4720 3
4723 6
4729 4
4733 3
4736 5
4741 4
4745 8
4753 4
4757 3
4760 7
4767 12
4779 3
4782 7
4789 5
4794 5
4799 5
4804 7
4811 4
4815 7
4822 6
4828 5
4833 7
4840 5
4845 8
4853 6
4859 6
4865 4
4869 4
4873 8
4881 9
4890 3
4893 10
4903 5
4908 7
4915 5
4920 4
4924 6
4930 3
4933 4
4937 6
4943 6
4949 9
4958 7
4965 4
4969 5
4974 4
4978 4
4982 4
4986 7
4993 7
5000 5
5005 8
5013 5
5018 8
5026 3
5029 8
5037 6
5043 5
5048 7
5055 6
5061 5
5066 5
5071 7
5078 5
5083 8
5091 6
5097 5
5102 7
5109 3
5112 6
5118 5
5123 6
5129 9
5138 3
5141 5
5146 3
5149 6
5155 7
5162 2
5164 4
5168 10
5178 2
5180 8
5188 3
5191 5
5196 7
5203 9
5212 7
5219 3
5222 5
5227 4
5231 7
5238 5
5243 5
5248 9
5257 7
5264 7
5271 7
5278 4
5282 11
5293 5
5298 4
5302 4
5306 5
5311 9
5320 9
5329 5
5334 6
5340 7
5347 7
5354 10
5364 3
5367 7
5374 5
5379 5
5384 6
5390 3
5393 8
5401 4
5405 8
5413 5
5418 6
5424 5
5429 8
5437 9
5446 4
5450 6
5456 5
5461 5
5466 4
5470 4
5474 6
5480 6
5486 7
5493 6
5499 4
5503 5
5508 5
5513 6
5519 8
5527 7
5534 7
5541 7
5548 5
5553 8
5561 6
5567 6
5573 6
5579 4
5583 5
5588 4
5592 8
5600 5
5605 3
5608 4
5612 4
5616 6
5622 6
5628 5
5633 9
5642 5
5647 8
5655 5
5660 7
5667 8
5675 5
5680 7
5687 5
5692 4
5696 3
5699 6
5705 5
5710 5
5715 8
5723 5
5728 4
5732 6
5738 9
5747 6
5753 7
5760 6
5766 5
5771 5
5776 11
5787 6
5793 7
5800 6
5806 6
5812 6
5818 6
5824 7
5831 8
5839 6
5845 3
5848 5
5853 10
5863 8
5871 7
5878 5
5883 6
5889 4
5893 8
5901 6
5907 4
5911 4
5915 3
5918 8
5926 7
5933 7
5940 5
5945 4
5949 8
5957 6
5963 4
5967 6
5973 7
5980 7
5987 7
5994 2
5996 7
6003 5
6008 5
6013 6
6019 5
6024 7
6031 6
6037 4
6041 8
6049 11
6060 4
6064 8
6072 7
6079 7
6086 9
6095 6
6101 7
6108 7
6115 4
6119 6
6125 4
6129 5
6134 5
6139 6
6145 5
6150 5
6155 7
6162 7
6169 6
6175 4
6179 6
6185 5
6190 7
6197 5
6202 8
6210 4
6214 6
6220 7
6227 5
6232 5
6237 8
6245 6
6251 7
6258 5
6263 5
6268 10
6278 3
6281 8
6289 7
6296 4
6300 5
6305 4
6309 5
6314 7
6321 10
6331 7
6338 11
6349 4
6353 5
6358 8
6366 9
6375 3
6378 5
6383 8
6391 6
6397 9
6406 6
6412 8
6420 5
6425 8
6433 5
6438 9
6447 7
6454 4
6458 3
6461 5
6466 5
6471 3
6474 6
6480 4
6484 3
6487 10
6497 7
6504 7
6511 3
6514 6
6520 6
6526 5
6531 8
6539 6
6545 6
6551 7
6558 6
6564 10
6574 8
6582 4
6586 6
6592 7
6599 6
6605 11
6616 4
6620 5
6625 5
6630 5
6635 8
6643 2
6645 7
6652 7
6659 7
6666 7
6673 6
6679 7
6686 7
6693 7
6700 3
6703 5
6708 4
6712 4
6716 4
6720 8
6728 5
6733 6
6739 5
6744 7
6751 9
6760 5
6765 8
6773 3
6776 5
6781 8
6789 3
6792 7
6799 8
6807 5
6812 6
6818 4
6822 7
6829 5
6834 8
6842 8
6850 5
6855 8
6863 7
6870 9
6879 5
6884 8
6892 5
6897 4
6901 8
6909 8
6917 5
6922 7
6929 6
6935 8
6943 4
6947 4
6951 2
6953 6
6959 4
6963 3
6966 10
6976 7
6983 3
6986 7
6993 8
7001 4
7005 8
7013 7
7020 7
7027 11
7038 6
7044 4
7048 8
7056 9
7065 7
7072 12
7084 6
7090 7
7097 4
7101 3
7104 4
7108 4
7112 6
7118 8
7126 5
7131 4
7135 8
7143 8
7151 5
7156 4
7160 5
7165 5
7170 9
7179 7
7186 8
7194 4
7198 2
7200 5
7205 7
7212 9
7221 6
7227 6
7233 4
7237 6
7243 8
7251 5
7256 10
7266 3
7269 7
7276 8
7284 3
7287 10
7297 3
7300 4
7304 5
7309 7
7316 5
7321 8
7329 4
7333 5
7338 4
7342 3
7345 8
7353 7
7360 8
7368 3
7371 7
7378 5
7383 6
7389 5
7394 7
7401 7
7408 7
7415 5
7420 4
7424 8
7432 5
7437 4
7441 3
7444 7
7451 5
7456 6
7462 10
7472 4
7476 7
7483 6
7489 5
7494 6
7500 7
7507 5
7512 3
7515 8
7523 10
7533 5
7538 5
7543 7
7550 6
7556 6
7562 3
7565 4
7569 7
7576 3
7579 7
7586 6
7592 7
7599 4
7603 4
7607 3
7610 5
7615 6
7621 5
7626 7
7633 6
7639 5
7644 6
7650 3
7653 7
7660 7
7667 3
7670 5
7675 7
7682 7
7689 5
7694 5
7699 9
7708 6
7714 6
7720 9
7729 4
7733 4
7737 4
7741 4
7745 7
7752 5
7757 5
7762 7
7769 5
7774 4
7778 5
7783 3
7786 7
7793 7
7800 8
7808 4
7812 6
7818 6
7824 3
7827 6
7833 7
7840 4
7844 5
7849 7
7856 6
7862 6
7868 6
7874 7
7881 5
7886 4
7890 5
7895 4
7899 5
7904 5
7909 5
7914 6
7920 4
7924 8
7932 9
7941 6
7947 8
7955 5
7960 4
7964 4
7968 11
7979 4
7983 9
7992 6
7998 7
8005 6
8011 3
8014 11
8025 9
8034 4
8038 5
8043 3
8046 8
8054 2
8056 6
8062 4
8066 5
8071 3
8074 6
8080 4
8084 6
8090 5
8095 8
8103 4
8107 3
8110 6
8116 6
8122 12
8134 6
8140 8
8148 9
8157 6
8163 3
8166 7
8173 7
8180 4
8184 4
8188 7
8195 8
8203 4
8207 6
8213 4
8217 7
8224 8
8232 9
8241 7
8248 10
8258 6
8264 7
8271 8
8279 5
8284 6
8290 7
8297 7
8304 7
8311 9
8320 5
8325 6
8331 6
8337 8
8345 5
8350 5
8355 6
8361 3
8364 6
8370 9
8379 6
8385 5
8390 8
8398 2
8400 5
8405 7
8412 6
8418 6
8424 6
8430 7
8437 4
8441 6
8447 5
8452 3
8455 6
8461 3
8464 8
8472 3
8475 8
8483 6
8489 4
8493 3
8496 6
8502 7
8509 6
8515 4
8519 4
8523 6
8529 5
8534 5
8539 5
8544 5
8549 5
8554 6
8560 8
8568 8
8576 3
8579 8
8587 10
8597 5
8602 6
8608 3
8611 7
8618 8
8626 5
8631 5
8636 6
8642 6
8648 8
8656 5
8661 5
8666 4
8670 6
8676 3
8679 5
8684 9
8693 6
8699 8
8707 6
8713 7
8720 7
8727 5
8732 7
8739 7
8746 10
8756 4
8760 8
8768 8
8776 8
8784 6
8790 6
8796 4
8800 5
8805 10
8815 7
8822 7
8829 4
8833 5
8838 5
8843 9
8852 6
8858 8
8866 6
8872 8
8880 6
8886 6
8892 12
8904 6
8910 6
8916 5
8921 5
8926 8
8934 6
8940 4
8944 7
8951 6
8957 9
8966 5
8971 4
8975 3
8978 5
8983 9
8992 4
8996 6
9002 6
9008 10
9018 7
9025 5
9030 4
9034 6
9040 6
9046 4
9050 5
9055 6
9061 5
9066 6
9072 4
9076 4
9080 4
9084 5
9089 4
9093 5
9098 5
9103 5
9108 7
9115 9
9124 4
9128 4
9132 6
9138 5
9143 6
9149 4
9153 7
9160 5
9165 7
9172 4
9176 5
9181 9
9190 11
9201 9
9210 4
9214 6
9220 6
9226 4
9230 5
9235 5
9240 7
9247 6
9253 9
9262 9
9271 6
9277 7
9284 2
9286 10
9296 3
9299 4
9303 6
9309 10
9319 7
9326 6
9332 7
9339 6
9345 3
9348 8
9356 5
9361 8
9369 4
9373 7
9380 4
9384 5
9389 6
9395 4
9399 5
9404 8
9412 4
9416 7
9423 7
9430 9
9439 4
9443 9
9452 7
9459 7
9466 4
9470 7
9477 8
9485 14
9499 4
9503 4
9507 6
9513 8
9521 7
9528 6
9534 7
9541 6
9547 3
9550 6
9556 7
9563 6
9569 5
9574 9
9583 3
9586 8
9594 6
9600 4
9604 4
9608 4
9612 6
9618 4
9622 9
9631 6
9637 4
9641 8
9649 5
9654 7
9661 8
9669 7
9676 7
9683 6
9689 3
9692 4
9696 5
9701 7
9708 6
9714 10
9724 4
9728 3
9731 8
9739 8
9747 7
9754 3
9757 4
9761 7
9768 4
9772 7
9779 7
9786 7
9793 5
9798 3
9801 7
9808 11
9819 5
9824 5
9829 7
9836 8
9844 8
9852 6
9858 6
9864 8
9872 4
9876 7
9883 5
9888 7
9895 7
9902 2
9904 11
9915 10
9925 5
9930 4
9934 6
9940 7
9947 6
9953 10
9963 6
9969 7
9976 4
9980 5
9985 7
9992 4
9996 4
10000 6
10006 5
10011 4
10015 7
10022 4
10026 7
10033 13
10046 6
10052 10
10062 9
10071 8
10079 11
10090 3
10093 6
10099 3
10102 9
10111 7
10118 5
10123 7
10130 7
10137 5
10142 6
10148 5
10153 7
10160 9
10169 5
10174 8
10182 12
10194 8
10202 6
10208 9
10217 3
10220 6
10226 8
10234 7
10241 7
10248 10
10258 7
10265 9
10274 6
10280 10
10290 10
10300 5
10305 8
10313 5
10318 6
10324 7
10331 5
10336 8
10344 6
10350 6
10356 8
10364 6
10370 5
10375 5
10380 3
10383 5
10388 7
10395 8
10403 4
10407 6
10413 5
10418 5
10423 10
10433 7
10440 6
10446 7
10453 9
10462 7
10469 6
10475 9
10484 5
10489 8
10497 7
10504 4
10508 7
10515 7
10522 5
10527 6
10533 7
10540 5
10545 5
10550 9
10559 4
10563 10
10573 6
10579 4
10583 5
10588 6
10594 7
10601 8
10609 8
10617 5
10622 5
10627 4
10631 4
10635 7
10642 5
10647 5
10652 6
10658 7
10665 4
10669 7
10676 4
10680 5
10685 4
10689 5
10694 5
10699 7
10706 7
10713 4
10717 8
10725 6
10731 3
10734 6
10740 5
10745 5
10750 6
10756 3
10759 8
10767 6
10773 5
10778 5
10783 7
10790 5
10795 7
10802 3
10805 8
10813 6
10819 5
10824 7
10831 6
10837 6
10843 9
10852 3
10855 6
10861 6
10867 5
10872 8
10880 6
10886 5
10891 5
10896 6
10902 3
10905 5
10910 5
10915 7
10922 10
10932 5
10937 3
10940 9
10949 5
10954 7
10961 5
10966 6
10972 2
10974 10
10984 7
10991 8
10999 6
11005 9
11014 8
11022 7
11029 9
11038 4
11042 5
11047 8
11055 6
11061 7
11068 5
11073 5
11078 6
11084 5
11089 6
11095 10
11105 5
11110 6
11116 5
11121 6
11127 4
11131 3
11134 6
11140 5
11145 8
11153 8
11161 8
11169 9
11178 3
11181 8
11189 6
11195 5
11200 4
11204 7
11211 9
11220 5
11225 8
11233 9
11242 9
11251 4
11255 8
11263 7
11270 5
11275 5
11280 5
11285 5
11290 7
11297 5
11302 8
11310 5
11315 7
11322 5
11327 10
11337 2
11339 3
11342 7
11349 4
11353 6
11359 4
11363 7
11370 6
11376 5
11381 5
11386 7
11393 5
11398 5
11403 7
11410 6
11416 6
11422 6
11428 7
11435 4
11439 4
11443 4
11447 5
11452 6
11458 5
11463 8
11471 6
11477 4
11481 6
11487 8
11495 9
11504 9
11513 7
11520 5
11525 5
11530 8
11538 4
11542 7
11549 5
11554 7
11561 11
11572 4
11576 7
11583 3
11586 3
11589 7
11596 5
11601 6
11607 6
11613 4
11617 7
11624 8
11632 6
11638 9
11647 6
11653 7
11660 5
11665 8
11673 7
11680 5
11685 8
11693 7
11700 8
11708 9
11717 6
11723 6
11729 6
11735 5
11740 3
11743 7
11750 7
11757 8
11765 8
11773 3
11776 8
11784 7
11791 9
11800 4
11804 8
11812 4
11816 6
11822 8
11830 7
11837 6
11843 8
11851 4
11855 6
11861 4
11865 9
11874 2
11876 4
11880 7
11887 5
11892 4
11896 6
11902 6
11908 7
11915 6
11921 6
11927 5
11932 7
11939 4
11943 7
11950 9
11959 8
11967 7
11974 4
11978 4
11982 6
11988 10
11998 7
12005 7
12012 5
12017 7
12024 6
12030 4
12034 10
12044 5
12049 7
12056 5
12061 7
12068 8
12076 6
12082 3
12085 9
12094 6
12100 6
12106 5
12111 5
12116 7
12123 7
12130 3
12133 6
12139 3
12142 4
12146 5
12151 4
12155 5
12160 4
12164 6
12170 6
12176 8
12184 7
12191 5
12196 8
12204 5
12209 6
12215 7
12222 4
12226 4
12230 9
12239 6
12245 5
12250 5
12255 6
12261 8
12269 4
12273 3
12276 6
12282 6
12288 5
12293 6
12299 6
12305 6
12311 4
12315 6
12321 7
12328 4
12332 8
12340 8
12348 7
12355 5
12360 6
12366 6

1873

12372
0 8
0 8
383 1
86 3
748 3
499 8
746 10
1964 8
43 6
1063 1
1229 3
79 8
393 2
882 8
913 6
1086 7
1665 1
1855 2
626 9
1866 4
1939 8
1272 3
2004 8
657 10
2041 10
978 10
836 8
1337 4
1657 5
1742 3
1821 8
1528 4
38 7
678 5
242 4
321 9
1417 1
1680 5
1711 6
73 5
1120 10
1753 2
650 2
812 6
1454 5
506 3
141 5
1335 1
110 9
701 1
1094 9
1281 10
1475 8
345 8
211 8
1207 10
1087 1
949 8
1306 3
1701 4
749 8
1498 2
12 8
250 2
1120 7
2019 6
721 1
386 4
846 2
205 3
631 3
1810 7
1117 1
1615 3
404 9
951 9
1493 3
1617 3
1925 10
696 5
1914 7
202 6
422 8
530 8
819 8
823 2
1019 4
1930 9
8 8
913 9
1593 1
1288 2
1242 2
1484 9
1467 5
317 2
454 10
566 10
919 4
1958 5
903 1
1253 4
1243 8
1755 2
389 8
467 3
979 8
1258 8
902 10
157 4
1932 4
1625 8
299 9
253 1
1602 4
1383 8
617 9
763 8
1560 3
65 7
1807 2
1810 7
170 7
345 5
589 6
628 5
655 6
731 5
1273 5
1399 4
2024 5
1153 8
124 5
750 1
1085 2
1835 2
617 5
1467 3
56 7
759 5
1207 1
678 1
1841 9
625 9
1709 6
1050 8
513 9
985 9
863 9
170 9
410 2
903 4
1426 5
220 2
1542 4
324 7
537 2
1575 3
1690 6
1467 2
1668 8
741 2
104 10
129 8
2042 7
98 9
1260 8
455 1
845 1
1394 6
1694 7
1869 10
1909 1
1859 5
1437 5
1055 5
305 8
367 10
2020 10
633 7
658 9
783 1
1350 9
1010 6
1874 10
516 9
67 2
404 1
635 6
1596 7
92 1
1247 4
1386 2
349 1
1056 4
1298 2
1093 10
863 2
885 5
615 7
1388 6
71 5
830 6
2046 10
1638 10
1084 4
141 3
363 3
448 5
1857 1
1213 10
954 4
170 1
95 10
424 9
1141 7
1527 5
1698 1
839 7
1446 6
181 10
666 6
1041 9
1281 4
1475 6
1602 2
1696 8
1828 4
1983 5
1032 9
1884 5
1764 8
456 9
619 1
938 9
1654 2
215 10
178 5
412 4
1807 8
591 7
853 10
230 10
481 10
1100 3
1698 8
4 7
672 10
1035 4
1460 4
303 9
1033 6
1353 1
1569 1
482 1
319 7
1219 8
290 7
708 6
713 3
866 7
1461 9
1086 3
297 6
539 4
793 10
1004 8
1734 9
1808 6
1826 10
254 7
1243 8
769 5
998 8
1412 7
1454 9
1932 7
1729 9
407 6
1043 2
1197 8
1290 2
1340 7
1416 1
1 6
1642 4
1553 9
1537 5
173 2
394 6
876 9
932 6
1127 2
1330 4
886 8
1616 3
194 9
459 5
486 10
357 1
464 1
956 1
1149 10
1403 7
1847 10
605 6
162 5
159 5
173 4
500 1
678 3
812 7
1141 3
1593 1
1904 2
1059 6
1700 5
1428 2
109 5
1053 4
1094 8
445 3
96 5
181 6
280 4
337 2
582 8
615 1
1052 8
291 3
1483 2
123 9
278 9
292 9
541 3
580 4
591 7
1400 10
1974 2
529 8
1609 3
549 8
352 10
1553 8
894 9
1741 3
2040 1
387 5
1189 9
1598 1
282 3
1437 8
313 4
687 3
319 3
1502 10
1600 8
857 3
1955 3
162 6
313 8
813 5
1718 2
122 7
235 8
1603 4
1526 3
1490 4
842 6
1653 5
20 7
1316 9
713 3
1772 5
1626 5
644 8
1107 10
1204 9
1473 5
1949 7
1714 8
1096 9
492 4
780 2
1965 2
1469 5
1993 1
898 8
1950 7
1946 3
1956 8
918 1
1434 8
955 6
1292 7
237 4
371 6
549 1
737 9
1583 10
901 5
578 10
1846 4
1955 9
101 2
126 3
245 6
354 9
548 6
1584 7
1600 8
2009 7
248 8
1703 1
95 3
234 5
878 3
1007 6
1925 9
1135 8
696 10
1317 1
1620 6
365 3
1583 7
1547 10
88 1
1766 1
1125 4
1324 10
349 4
362 5
704 8
971 4
18 7
617 8
1438 10
392 9
474 2
593 5
1698 8
1534 7
421 2
2009 8
626 4
1032 4
1940 9
1979 3
1002 4
1283 5
28 2
588 1
886 9
1302 8
1463 9
1877 3
512 10
269 2
846 9
402 10
1109 5
1999 4
671 4
1906 2
1950 3
444 3
612 3
774 7
1032 10
1713 1
2026 8
868 5
270 3
188 9
396 4
398 2
1231 2
153 9
687 10
31 5
846 8
624 3
1333 4
872 9
989 10
1687 3
1786 2
5 5
1310 5
1157 6
691 9
1248 6
316 3
699 10
1077 7
363 4
1163 5
1688 10
354 8
1074 1
1095 8
478 5
194 9
144 5
488 3
1007 2
1138 7
1575 4
1815 2
957 5
1336 7
1074 4
836 6
1296 5
1838 1
1468 6
483 6
1353 5
800 9
1823 1
1933 8
585 1
352 3
795 8
298 2
528 2
1528 10
1622 10
520 2
1 8
93 1
842 2
1824 8
1894 4
1308 4
1564 6
1683 2
526 1
1537 8
1677 2
1863 4
976 1
729 7
1990 6
297 2
1059 9
1118 3
1585 6
1368 6
387 4
709 1
1249 2
436 8
1777 3
1450 4
221 4
679 8
806 2
1522 6
1628 10
159 7
1369 4
383 4
163 5
237 6
403 8
1581 9
0 3
178 3
825 1
1706 1
647 4
220 2
568 3
1310 2
1633 1
1323 10
98 9
1721 3
2009 4
1925 9
832 1
1638 5
63 1
158 1
946 5
1524 6
1860 4
1147 10
235 2
287 3
748 2
276 8
997 1
1166 7
1474 7
1322 10
1517 2
1010 3
1146 10
1348 10
1892 6
1919 5
29 1
1519 7
918 6
935 8
921 2
616 4
79 1
426 8
1798 4
165 5
962 6
1025 3
1417 9
1443 1
1602 2
1648 4
610 1
363 7
341 6
1106 10
1868 10
1900 3
61 3
1460 10
33 10
874 5
309 2
369 7
1346 5
1920 1
48 5
1040 6
123 1
489 4
1453 3
1669 6
842 5
304 8
461 7
1325 5
25 9
497 3
1010 6
87 9
277 2
1089 1
1098 6
555 3
1186 5
1856 5
1288 10
1380 6
2025 9
1322 9
832 8
706 3
623 2
1126 7
1502 9
60 2
1355 7
494 9
894 1
1355 2
1957 6
820 9
542 3
908 3
309 10
312 6
744 9
765 8
814 7
1025 2
1293 9
1503 1
1567 5
2018 5
805 6
1365 5
1893 10
1996 7
1183 10
802 3
24 10
709 8
366 7
1176 8
1362 7
606 10
1515 3
226 9
230 10
981 9
1007 3
1080 10
1088 6
1116 4
1703 7
1513 7
281 4
713 4
1432 3
1738 5
1950 1
1138 2
647 1
1602 7
2037 5
535 7
1173 9
1705 4
1779 8
1796 7
1988 10
2034 3
379 8
1757 1
1373 8
202 2
243 4
2002 7
48 5
971 6
1355 10
1978 10
1773 6
442 9
1061 5
390 1
6 9
536 6
1783 4
1913 6
1343 10
695 5
422 1
482 5
748 3
907 4
1512 3
2000 2
1456 7
1273 3
1958 8
1977 5
232 2
280 5
953 4
1940 10
808 1
887 8
1805 5
414 6
1010 8
232 1
247 8
1512 5
1751 9
2027 9
448 4
1136 10
1409 2
803 7
1069 7
1656 10
306 7
1919 10
858 9
1494 10
1762 7
1888 2
1551 5
191 4
1862 5
868 5
191 8
652 10
1486 4
876 2
1078 7
1609 5
1561 7
1240 10
1830 1
1911 10
1944 3
1703 5
1220 2
1880 9
207 4
1259 4
173 8
364 7
703 8
1833 8
1319 7
1283 6
1850 10
54 7
876 8
451 9
1564 2
696 6
948 10
1741 2
1868 3
49 9
96 1
292 9
1715 1
19 5
1765 1
1294 1
1801 2
987 2
1373 7
1052 6
169 9
210 3
502 5
651 8
1759 4
60 3
1250 2
2040 8
1709 3
1441 8
897 2
548 6
1442 1
1543 10
1502 1
905 9
1577 3
1850 9
218 7
1892 1
1043 4
24 8
1031 3
1320 5
1370 10
1568 4
887 3
1878 9
370 1
1551 10
227 3
827 1
561 7
1911 1
1933 1
288 8
782 9
648 7
1158 8
1498 8
177 8
1355 9
1400 2
914 6
1483 2
606 6
550 6
1554 10
887 8
345 5
656 6
751 7
786 10
973 4
1444 6
1531 9
1542 2
1704 10
1957 6
1823 10
499 10
1453 1
1424 4
544 4
601 5
1492 1
1658 6
2000 3
1824 9
651 7
631 2
807 1
1386 4
1891 7
1094 7
1855 7
1103 6
470 7
596 6
1909 10
1015 8
507 8
762 8
1143 3
1269 2
384 4
1858 10
1390 4
985 2
1189 1
1811 10
449 4
505 1
448 1
854 8
6 5
173 7
32 3
450 7
1212 10
1229 8
1726 7
1816 4
1782 2
1666 4
1197 3
697 4
1457 2
1005 6
1685 4
1874 4
1577 9
75 5
1474 5
1689 10
297 8
472 5
500 6
1143 3
1456 8
1634 2
928 1
1679 6
275 8
1936 8
1195 5
840 8
1782 2
164 1
343 10
713 1
777 2
945 10
1632 9
283 10
739 7
630 2
217 5
239 1
1246 9
1773 7
805 10
1010 4
871 6
903 7
279 6
1454 7
787 1
1903 1
1973 9
917 10
1755 4
760 4
788 2
508 5
1725 10
637 4
1469 4
1187 10
1337 10
1952 8
2003 5
915 10
1956 9
71 9
1621 1
519 10
692 8
1093 3
1785 10
1972 1
807 8
695 7
669 8
205 1
901 7
1582 8
351 8
1002 3
1571 6
523 9
835 1
1974 3
260 1
965 9
16 4
920 9
163 5
1878 5
1371 9
1092 5
1489 7
88 1
1103 3
294 5
537 10
527 8
1005 9
1174 7
1330 7
1334 5
1558 9
1633 8
85 7
516 8
46 5
200 6
1633 4
1851 6
554 4
1056 6
1432 8
1896 2
1283 3
451 5
676 1
701 4
1028 9
1351 10
1390 8
1402 4
46 5
53 6
693 7
336 5
157 5
85 5
1774 6
650 5
787 5
1149 9
1593 7
146 1
395 7
1247 9
1751 2
93 5
583 8
1847 7
572 1
1080 6
398 10
665 5
980 9
426 7
399 7
444 10
792 2
1309 1
1216 3
1596 4
854 9
868 4
1154 7
1286 7
1982 10
923 1
1037 4
1243 10
956 6
774 8
1415 4
1457 9
125 9
1682 2
539 1
690 5
723 6
1062 10
1744 10
33 1
22 9
18 7
988 8
1193 6
1910 3
1369 1
1479 8
1741 2
1782 2
460 7
546 4
775 10
836 1
1892 2
1977 6
1368 5
450 1
1114 1
1094 7
1455 8
1733 4
1812 10
2011 10
141 7
120 8
43 2
46 4
1401 8
450 4
1221 6
1689 10
1834 10
1051 7
1250 2
1618 6
1870 3
1791 8
1202 9
1248 7
1109 8
1546 3
1911 7
1538 8
1490 2
1895 9
1110 5
1722 1
133 8
1033 4
360 1
263 10
505 4
841 5
1302 7
1820 4
86 3
1802 2
1839 10
36 5
1881 9
1944 6
1452 8
1989 8
1120 5
301 2
722 6
1180 1
926 5
1156 7
1100 6
219 8
314 7
687 9
694 8
1055 7
1362 6
1671 4
48 6
34 10
1726 7
1832 3
1202 3
1389 2
1919 6
1432 4
445 7
1712 6
249 3
312 7
1655 5
1195 8
1670 10
360 1
687 6
1788 10
1249 9
1725 1
1902 8
1471 1
1912 4
1077 8
501 9
640 9
691 4
773 2
1309 8
2013 7
298 4
553 7
1092 4
1686 9
915 2
1490 2
572 10
1405 3
1398 1
70 9
986 5
1653 7
1846 4
1849 6
1276 8
645 8
1168 2
1797 7
1803 1
959 9
1376 9
1210 4
1220 4
1264 7
1338 3
1426 10
1442 1
1836 1
1990 9
2040 4
117 4
207 2
117 8
1916 1
1793 4
1444 9
1657 2
1224 10
581 5
1767 10
1085 9
1107 8
1998 4
1800 4
252 2
574 10
1669 1
1994 8
45 9
75 9
386 5
222 8
1467 2
456 2
786 7
1340 1
1852 4
726 5
1536 10
1486 7
1713 1
390 1
1205 5
1727 8
582 8
753 8
784 4
802 5
1344 1
1213 8
537 4
1934 10
278 3
1029 2
1998 7
502 5
308 2
808 1
1237 5
1885 3
159 6
480 10
333 4
425 4
795 3
990 10
1186 4
1927 1
765 1
224 1
315 10
619 10
1305 1
1657 6
579 6
11 6
108 2
1300 7
1755 4
1836 2
1456 8
1637 6
1225 10
793 5
641 5
1258 9
537 10
1890 8
154 1
9 3
1690 10
1282 9
665 8
644 7
884 7
967 1
1239 1
2001 6
1019 8
2044 3
565 10
1639 10
1454 6
1559 7
1654 6
120 4
191 2
825 8
1651 6
1552 1
1163 2
1381 10
1657 9
475 6
840 3
998 3
1372 2
407 2
1645 7
225 3
1580 10
1377 7
1972 2
1331 3
125 3
271 2
332 1
2045 2
7 8
1040 10
1986 1
1950 6
1781 4
424 8
546 5
809 2
931 8
235 6
1824 8
1134 3
2005 6
901 2
1065 3
1610 2
1383 3
1506 3
904 4
1837 4
1050 8
929 6
1203 8
1296 3
1646 1
36 10
256 9
1931 8
862 10
638 10
1068 6
1198 1
1630 8
1992 1
1849 7
692 1
799 5
835 10
1354 7
1547 2
961 10
283 7
147 5
810 4
555 10
1742 3
129 7
1420 6
859 5
362 4
1227 5
1328 3
1476 2
254 8
950 7
923 1
180 8
422 5
23 2
1024 6
86 2
1240 6
1798 1
1301 1
1370 9
1388 10
1654 5
1990 9
84 4
1890 10
902 2
1578 7
1962 8
194 8
1719 5
649 7
472 3
715 4
941 6
1738 6
1183 6
889 1
1248 9
698 1
201 1
1374 4
1490 10
375 7
566 7
947 3
1420 7
1484 4
1573 3
1734 4
386 9
209 3
394 6
1790 4
792 9
1131 6
1139 2
1020 1
105 9
1022 6
1971 9
352 2
1335 6
1522 10
2025 8
131 3
913 5
801 10
1291 6
1458 7
663 7
745 1
765 2
1373 6
1100 6
640 9
841 5
250 7
941 2
1197 7
1463 8
1588 5
1200 8
978 8
1890 8
1013 6
446 6
511 9
701 2
1283 8
37 10
988 3
1354 8
1810 8
105 10
918 7
1942 5
386 5
820 1
114 1
1336 1
112 2
412 5
1499 3
344 5
1833 7
492 3
1593 7
1981 7
61 5
1527 1
1727 2
1518 9
680 9
813 2
898 1
946 3
1142 3
54 8
89 2
212 6
1819 4
1226 7
1275 7
1105 7
488 2
1115 10
1608 10
1784 4
738 4
663 4
1628 2
1998 7
59 4
85 6
346 1
1311 7
1197 4
1902 8
593 5
1625 8
290 5
147 1
1296 1
1321 1
647 9
1682 6
1382 5
405 8
660 5
1170 7
565 8
627 5
1039 3
1566 3
1595 9
1518 8
345 4
4 4
934 4
854 10
821 10
1028 10
108 4
898 7
2006 1
1909 2
280 7
1536 1
1826 4
611 2
616 9
655 8
1307 10
751 8
1672 9
60 6
357 10
806 6
431 4
1331 8
1676 1
408 4
524 4
1733 1
114 8
537 9
1935 1
61 8
1646 10
1730 4
1597 9
706 6
1993 7
1189 2
182 3
1172 1
848 10
957 6
1898 6
8 2
1387 2
228 7
1523 7
1004 10
1495 6
1717 5
1321 5
1982 8
428 4
1578 2
1947 6
193 2
1769 3
1617 7
1633 7
909 1
348 7
1676 1
1858 8
17 1
404 2
956 6
1216 4
1944 7
550 8
976 8
1652 5
1822 8
41 7
219 8
1263 7
1073 9
553 8
1332 1
584 8
1178 2
1232 4
1555 8
1701 1
1491 1
279 7
1142 10
485 10
1430 5
1848 6
215 9
592 9
1021 2
531 9
645 7
869 4
1198 6
1848 7
1849 3
2029 3
1115 6
1068 9
1976 10
1410 2
1571 8
1301 7
1350 4
308 9
315 9
364 5
1097 6
1570 8
1607 1
663 4
900 4
549 8
1132 8
1519 5
1660 4
732 7
156 1
1055 7
366 10
531 4
1137 8
1061 1
1051 3
540 3
553 8
1237 2
1535 8
1655 1
757 2
1351 1
742 6
382 5
505 5
770 5
1988 9
705 2
177 10
453 1
856 4
1224 9
1839 9
637 3
585 7
1196 4
685 4
1946 3
1890 7
912 1
1596 8
1747 4
1297 10
2001 1
996 7
682 4
1678 7
1922 9
1977 9
1475 6
1905 10
1037 1
1547 3
1985 6
1740 5
1817 9
882 2
68 2
1899 9
1705 9
1119 5
608 2
729 2
1292 6
1365 9
1585 6
70 3
1219 9
1703 1
774 3
1378 10
210 2
1779 3
1632 4
1599 5
690 10
571 6
1212 10
1284 6
1485 5
2000 8
1291 3
445 1
1171 10
537 5
1256 7
629 3
1134 8
1008 2
145 8
553 9
297 4
710 2
817 7
843 10
954 3
1396 8
90 8
1335 3
552 5
480 8
480 2
1209 9
98 2
378 3
393 9
978 3
1086 3
1569 10
198 3
1763 5
49 9
595 9
348 3
358 2
1035 9
149 6
255 7
412 10
1288 10
1278 10
441 3
1461 7
1579 10
244 7
112 5
48 4
1195 8
394 6
1260 8
1476 7
1629 2
106 4
1804 2
1547 6
2019 8
1853 6
818 2
1071 10
1364 2
1399 5
1611 4
52 3
638 6
461 9
648 1
147 10
217 7
1139 1
1946 5
1946 1
559 1
1586 2
1763 6
1433 1
1207 7
1649 2
438 6
757 7
1901 1
1267 7
982 7
1637 2
1012 6
530 5
1194 1
1238 9
1649 5
1851 2
1937 6
1837 4
1819 10
482 3
1370 7
495 2
741 2
2031 1
1151 8
89 3
683 3
1423 1
1951 1
1991 2
132 8
2000 6
1436 2
805 8
1262 4
1327 2
1303 9
2014 8
1241 5
449 7
239 5
955 2
39 7
894 3
49 3
1044 4
619 7
1612 9
1636 9
123 9
49 9
318 1
892 2
1182 6
1946 8
1723 10
1298 9
1295 10
1589 6
158 5
1773 9
691 10
984 3
990 1
1199 10
1362 9
1627 9
1667 1
1694 1
1393 7
2003 5
368 5
679 1
781 5
1203 8
1592 3
529 5
1046 9
1183 10
1446 7
1712 7
40 6
81 2
144 8
275 4
939 5
1618 10
1756 10
78 2
186 4
755 6
1326 4
1571 7
16 9
1596 9
1519 4
1733 3
1758 3
1072 10
179 2
2025 3
1365 5
1637 2
310 7
518 7
944 5
1047 2
1687 3
634 3
1629 2
1280 8
476 7
984 8
38 9
1321 8
1823 4
637 5
1041 1
1551 3
2023 9
1171 1
97 8
1821 5
26 8
569 3
664 3
1721 6
799 10
1020 10
1762 1
116 7
911 8
1475 4
1629 3
2039 6
839 2
1833 5
569 7
1955 9
2024 7
2037 1
199 2
1250 8
258 9
627 3
1970 2
95 2
102 10
1505 3
727 4
661 7
772 2
961 3
1151 9
301 7
1358 7
358 4
583 9
642 5
1093 5
1750 7
1165 4
182 7
102 6
573 4
1794 6
2038 1
52 4
1134 10
53 8
600 8
694 3
1054 1
1899 3
376 5
180 7
1084 1
1169 10
201 10
258 9
972 2
666 8
1984 5
1158 1
73 3
504 7
1213 10
1498 9
13 2
1432 1
483 2
1745 5
692 4
704 6
292 1
661 3
2020 9
503 1
893 10
1128 6
1238 10
39 7
529 7
1420 7
1526 3
52 3
973 5
1133 6
1729 4
782 9
1735 10
406 9
609 1
670 5
1105 3
1337 6
1759 2
623 6
1328 2
4 9
636 4
954 9
870 8
1857 8
327 4
677 6
872 3
1475 5
697 7
1881 5
1678 6
1655 1
630 7
1405 2
1660 3
23 7
947 6
1316 4
1226 3
917 8
1157 2
2003 10
1135 10
1457 8
762 5
741 2
1265 6
1735 6
1975 10
1336 5
948 9
558 6
1640 3
1975 1
404 4
322 4
1579 2
547 9
720 7
528 2
1882 1
1125 2
1900 7
1041 3
999 10
942 3
1076 9
2018 2
353 9
1162 9
834 8
541 6
564 5
1089 9
1610 4
1184 8
687 7
1049 9
1120 1
1750 8
1914 3
210 1
1081 2
1669 3
1045 2
1048 6
200 4
577 8
630 5
2034 10
811 8
1142 3
512 5
830 10
622 4
951 8
1438 1
609 4
703 3
1044 10
1446 6
1371 4
162 5
1245 10
1676 6
740 9
1439 3
1793 4
48 2
1487 9
1788 5
994 10
1621 1
679 7
758 6
1052 4
1609 4
1928 8
1357 4
1413 8
1332 7
2021 9
778 4
574 9
1620 4
497 9
1294 8
1301 1
94 6
568 8
1387 6
1368 10
1935 6
732 5
420 6
621 10
828 7
1899 7
744 9
1280 4
146 10
532 4
233 5
1632 3
1987 7
564 10
1981 10
7 8
242 4
134 5
1491 5
18 5
1055 4
1642 1
238 1
1048 2
1863 3
965 1
1402 5
1452 2
1545 6
2032 3
1257 9
593 8
976 9
1127 10
1950 7
1971 1
2016 6
944 9
278 3
1508 7
252 7
1292 7
1313 1
1429 4
30 1
64 4
1763 8
1819 5
350 10
776 1
1757 7
1924 1
349 10
862 8
1988 7
903 4
419 1
473 3
155 8
1805 8
1531 6
78 3
50 10
226 2
1244 1
1871 4
630 4
1083 2
1260 3
1389 7
330 9
1023 5
1961 7
1222 10
2035 5
74 8
515 4
60 9
834 9
673 8
680 9
1495 8
1497 8
570 5
775 7
582 1
877 4
921 9
1326 10
1513 1
1194 3
1631 1
783 6
721 7
2029 7
2030 2
245 10
678 9
45 1
1559 6
365 6
1054 9
310 4
503 1
839 1
278 2
1669 10
1264 7
1574 2
1686 5
1879 6
1727 2
1139 1
1403 8
1630 5
177 1
183 1
1552 5
1046 9
454 1
420 6
483 6
1236 10
1447 1
1497 4
1995 2
862 8
1366 1
1123 5
1387 4
1665 10
218 4
1066 5
64 5
1182 1
1256 5
703 9
1542 9
1714 4
74 4
94 7
32 3
1201 7
960 7
1133 5
1591 4
258 5
120 7
1107 6
63 3
1277 5
357 6
1697 3
588 8
401 7
1081 9
1760 8
104 7
1541 2
260 10
797 8
1372 10
27 10
816 5
402 10
1978 6
503 5
1395 5
295 5
715 2
696 3
1581 1
1790 5
95 7
974 5
1976 6
524 2
130 1
1067 5
1347 10
1358 10
826 5
1219 7
1720 4
1964 9
978 4
59 6
1277 7
1453 6
1170 2
1703 9
1602 2
1296 8
1043 10
992 10
1689 2
786 6
828 3
1202 3
1525 5
1798 5
1117 4
523 1
1129 8
1728 2
224 7
380 6
1573 7
957 8
1133 9
1759 10
314 5
1376 7
1431 5
1505 8
1669 6
1728 1
1416 5
1442 2
446 6
1539 9
917 4
1045 8
1193 9
277 3
546 7
1038 10
920 5
1560 8
108 8
1128 4
1772 6
396 3
785 9
375 6
586 6
1145 9
1914 2
1372 7
2042 7
1108 7
789 5
1824 8
1706 1
262 5
1668 1
1061 5
1308 10
1680 1
0 1
85 4
1821 9
1118 10
1254 8
1457 4
1560 2
1980 5
139 4
925 5
1283 8
1561 10
1293 9
821 5
2046 4
1640 2
400 3
536 8
1063 3
1075 2
1873 9
9 4
194 5
225 9
231 5
492 4
1480 5
51 5
1128 6
82 4
1148 9
1913 4
582 6
1350 2
663 9
841 4
15 8
757 2
724 10
426 1
548 10
1984 9
110 1
196 1
655 1
1330 9
735 9
1481 5
417 1
1357 8
808 7
1690 3
575 6
820 9
1054 1
1697 2
1563 8
65 9
1973 9
277 9
742 9
1371 10
1 2
496 5
1663 4
1747 4
225 6
280 6
1616 1
790 1
1144 9
43 6
487 5
849 3
1620 8
1666 9
164 7
1711 2
2033 7
1340 1
1044 7
842 10
1068 10
2005 8
2042 5
379 3
1159 8
1732 6
70 4
457 7
1036 10
1909 2
1959 10
901 6
557 3
606 5
166 10
70 2
1138 4
1059 4
1590 8
166 7
1194 6
1464 1
1749 7
480 7
385 3
1593 9
618 6
1175 7
1259 10
1468 2
557 3
1504 1
365 7
747 9
870 7
367 10
563 9
1754 3
1403 9
68 10
1566 9
85 8
818 2
889 3
1687 5
1762 5
253 2
327 4
1374 7
10 9
28 1
1328 4
471 5
1331 8
240 8
714 3
762 10
1345 3
1536 10
1847 2
320 9
1793 4
1269 6
1332 4
1488 10
1863 4
42 6
209 2
1935 9
1207 2
468 5
641 1
963 9
995 3
1389 8
1519 6
1522 8
247 4
1419 10
1699 1
1141 4
2041 8
518 10
1304 8
1014 4
22 2
1780 4
1480 7
1088 3
1194 3
1238 5
1831 4
1715 5
232 5
279 10
828 7
1082 1
36 4
1342 7
853 9
1460 7
606 7
559 9
516 4
1217 3
1440 6
1526 6
113 6
643 10
1632 1
856 8
502 8
1708 3
1350 3
1034 5
484 3
668 4
1245 5
857 6
390 1
1049 2
1696 5
1733 5
1266 10
916 5
1079 5
1550 6
1024 7
1154 5
994 9
350 1
1151 1
1399 7
969 3
342 6
425 4
595 4
360 6
1918 2
1620 6
1631 4
66 2
1900 8
1049 8
1083 2
1474 4
1790 9
1807 6
111 1
1877 7
11 8
1840 7
219 5
1912 6
1102 1
654 1
921 3
1425 4
211 8
1167 5
33 9
700 5
922 10
1179 7
420 4
200 4
626 6
504 9
93 8
166 7
389 1
835 1
504 2
821 4
1051 10
1699 9
1729 9
1093 7
746 8
763 1
913 4
251 4
853 10
541 9
1295 3
472 9
600 8
1693 10
1998 8
1621 3
246 4
1824 6
786 10
1899 7
1536 8
482 4
1691 4
1211 7
1310 1
1134 1
1641 5
1171 4
727 8
768 4
1277 2
1883 6
1638 10
575 8
688 5
540 3
929 9
1674 10
1111 6
1768 9
83 8
2015 7
1534 6
1195 2
1506 10
590 3
682 2
774 4
1014 3
1190 6
1605 6
1335 3
1690 9
813 7
880 5
1008 1
2001 1
2031 2
1929 1
284 6
1461 8
1323 1
900 2
483 9
1120 1
1028 10
1169 9
1795 7
1280 5
676 9
1635 4
1840 5
1949 1
279 3
608 3
506 5
1393 8
800 8
1299 3
109 9
1160 5
947 4
2030 1
1363 6
1399 4
1811 7
69 3
1747 1
166 10
48 3
182 7
273 1
462 1
1353 3
1449 2
475 4
708 6
1507 3
1563 6
1704 4
1994 2
2043 4
377 6
1065 9
229 6
1216 8
1222 8
1934 1
1669 7
115 4
1451 1
32 5
140 1
1224 4
1894 3
1919 9
2025 6
140 4
289 7
1886 7
1110 4
1011 9
1935 8
172 1
141 7
173 4
628 5
1050 8
122 9
161 5
1650 3
1184 6
598 8
1687 6
534 4
1394 4
1736 10
1860 8
536 2
703 5
1595 4
1923 4
263 1
1119 6
1958 8
545 9
1350 2
1430 6
360 1
13 10
1149 6
1218 10
719 7
1136 3
1485 1
1704 4
588 6
1799 2
1172 8
25 1
561 8
1910 9
194 2
35 9
1400 7
396 7
1421 9
544 10
693 8
1041 3
1419 8
1684 7
466 2
1361 6
733 1
45 5
1144 9
977 7
1140 8
752 7
1150 5
1192 9
1926 10
979 2
171 7
1006 7
811 1
540 4
1424 1
1533 1
2037 1
282 9
1231 9
97 7
1524 9
1668 5
1349 3
1699 5
445 1
1662 5
1834 8
583 4
1248 4
1774 5
698 4
1605 4
1643 5
1650 8
963 6
45 1
1990 4
1181 2
653 3
727 10
868 10
1668 2
1746 5
458 2
1702 7
1164 9
623 3
997 1
1559 10
15 3
1735 6
1727 9
1660 2
735 7
586 3
407 5
2040 8
1441 4
761 6
1241 10
1436 7
558 2
1165 1
1330 10
1565 6
1783 6
138 7
1738 6
1831 6
1578 2
1462 5
1213 4
1374 10
755 8
404 5
1034 8
1360 9
1468 3
1526 8
429 9
222 3
144 5
1363 9
1844 7
632 9
1473 1
350 3
1415 5
65 2
1666 8
723 2
922 10
635 6
1178 4
1311 7
1459 7
208 6
445 4
539 9
1495 1
516 9
1389 6
1868 9
1685 2
1463 5
302 7
827 3
729 9
1607 8
840 4
1379 10
1027 8
75 5
1468 5
1361 6
696 1
552 3
875 1
1385 9
1697 8
1727 1
2038 10
1314 4
1548 6
634 3
200 10
400 7
276 8
276 2
1962 10
568 2
1324 10
1861 2
37 10
1261 2
504 7
720 7
39 1
286 3
432 4
600 7
111 5
683 3
1282 4
1304 9
1492 3
77 6
317 2
1256 8
1620 6
439 9
360 6
778 1
1793 10
660 8
2013 9
416 3
595 4
914 3
255 10
1178 9
850 3
1015 9
2019 4
45 10
1620 2
1889 5
2035 10
810 8
1056 3
1376 1
1904 5
2006 4
1200 2
394 5
1786 9
1094 9
1104 8
235 2
75 3
1500 4
519 1
96 4
1297 7
604 8
860 10
1150 4
1535 4
2039 1
1982 5
1564 10
1985 9
1028 5
792 9
1627 3
233 3
386 4
1983 4
57 4
1712 2
577 5
1417 4
1441 9
1478 4
1253 3
526 3
1407 10
581 8
604 9
1254 4
1267 5
1350 6
1556 10
1981 9
101 9
666 1
1774 1
1380 5
286 2
1170 3
1429 2
393 5
1368 4
1190 8
1642 8
98 3
340 9
1171 4
754 9
1577 10
1961 8
1975 6
789 9
1693 7
1225 10
1726 10
135 10
1673 8
0 8
1418 5
1033 9
1448 8
1772 8
1871 8
144 6
46 1
1079 7
1358 4
1930 8
185 9
1911 3
1300 7
1218 2
1408 10
199 5
415 8
1280 5
1953 6
1026 10
125 5
663 2
1571 7
358 1
318 1
367 5
1681 2
887 2
316 7
426 2
1956 9
425 9
481 7
575 4
140 1
177 4
262 5
1607 2
1227 7
544 8
1138 7
6 3
441 5
1687 8
1636 5
1752 2
686 1
924 2
805 2
138 8
1911 3
1272 1
151 5
2018 6
728 3
1111 1
1760 8
1872 2
1683 6
1915 10
1042 9
674 5
1009 3
1012 4
1319 5
1691 6
1426 5
1065 6
1950 9
1024 1
229 9
2043 10
1782 7
68 10
334 5
1646 8
786 6
1137 5
658 3
1257 3
1595 8
22 9
1885 6
1531 9
559 9
1075 4
1652 6
1659 9
1831 10
1328 6
1412 6
1485 1
1907 9
354 4
521 7
838 8
1238 6
1330 8
682 7
1046 8
28 9
159 8
475 9
1860 4
1874 5
413 4
597 4
940 5
965 5
577 10
1575 3
409 10
560 1
301 7
1088 1
1344 6
153 10
488 1
1428 8
1052 3
1727 8
675 9
690 4
1742 8
79 2
1634 7
1008 10
720 6
751 5
885 10
515 7
1622 5
1222 1
1285 5
1290 1
882 2
727 6
1521 4
1097 5
1396 10
1553 4
156 9
1823 1
374 1
798 1
926 6
1347 3
247 4
1821 9
764 4
369 2
634 4
743 2
862 5
2015 8
1132 6
1482 3
1643 1
1038 2
1305 1
493 3
80 1
1724 2
1422 9
1457 9
905 2
158 8
1930 4
1696 3
687 10
626 8
897 7
328 2
1728 9
1562 10
1679 4
78 2
659 5
1182 4
1342 9
1937 9
50 8
296 5
319 7
1610 8
708 6
1463 8
810 3
849 6
11 8
285 5
564 4
1150 6
256 9
260 4
1122 5
1291 9
1485 5
1684 5
1905 6
1841 2
343 4
1637 10
1920 8
1796 4
905 8
997 6
1543 5
1732 2
451 4
658 3
570 9
1956 7
596 4
1596 4
572 8
603 7
107 7
706 6
1791 2
1856 3
110 6
452 2
1938 1
385 8
1295 6
1637 7
1797 3
158 10
198 4
274 5
204 10
1547 6
23 2
247 9
1312 3
873 9
1848 4
1036 9
950 9
1681 8
169 1
475 9
564 1
896 7
1473 7
40 4
896 1
1593 10
261 3
434 3
1462 5
460 4
1822 2
1842 2
2028 8
428 9
330 6
49 3
1237 6
811 10
875 6
1374 4
1619 6
102 3
1599 10
968 2
1926 1
1648 8
1611 4
732 1
1480 2
1550 1
457 10
2044 6
1954 3
135 4
505 8
626 5
750 7
2040 6
453 9
598 6
969 5
378 7
1322 9
211 5
171 4
647 3
1806 4
1544 8
327 9
1000 1
1704 9
1160 2
1497 6
127 6
389 10
1386 4
60 6
1090 3
1985 10
50 8
259 8
1443 7
763 8
59 1
1076 2
1691 8
1997 3
134 6
1894 4
911 1
253 8
1119 4
1576 2
1566 6
1417 3
1451 3
633 5
576 9
1548 7
1624 5
2013 10
276 5
478 3
1820 3
1577 2
1621 4
605 4
992 7
1604 5
1711 5
254 8
261 8
275 9
186 7
1902 8
610 4
1090 2
1363 3
1471 6
1906 6
972 5
160 4
1222 10
694 7
1631 8
1931 10
99 3
217 10
638 5
1059 10
938 9
1366 5
2004 5
847 9
1648 9
1402 7
397 3
401 3
1243 2
595 9
1375 7
469 2
1596 6
1645 9
326 6
2003 3
966 9
1112 1
283 1
413 9
513 9
1746 5
778 8
1359 4
1354 1
1655 9
518 1
1721 6
1931 1
1269 8
832 5
1248 3
1572 5
131 7
455 8
1663 4
887 6
1171 7
868 7
2024 6
700 2
402 9
1954 5
2010 7
600 5
1362 3
1859 5
531 4
539 1
330 5
869 6
344 10
1482 6
939 4
1291 6
206 10
241 8
1301 1
1977 3
1937 3
1398 7
1748 10
13 10
224 7
851 7
1026 7
714 10
1408 10
1445 8
1571 8
1600 8
2002 3
341 8
626 5
480 2
86 3
676 10
749 8
1342 5
1665 4
1808 1
305 3
307 7
1001 9
876 6
704 2
1774 9
355 5
534 9
694 5
1708 10
712 9
886 2
272 6
881 4
1500 6
165 1
535 8
1041 10
187 10
312 4
2039 2
861 5
1928 3
769 8
1355 1
1967 1
340 9
193 10
1848 7
845 10
434 8
504 4
391 6
1691 8
1671 1
983 5
551 9
1107 8
333 8
517 10
716 1
1994 10
492 5
1504 3
60 10
1410 10
797 3
1383 9
1936 5
965 5
1223 10
202 6
1641 8
981 4
603 8
1473 3
1567 8
49 4
192 5
493 8
813 5
595 9
672 7
1354 7
1409 9
1668 4
1907 10
355 1
388 6
48 8
196 8
1672 10
680 9
891 4
165 8
462 4
1090 4
1396 6
310 9
681 7
1021 7
1141 2
254 8
1458 10
1579 1
78 1
1498 2
1298 9
264 7
1533 9
1177 4
380 6
1484 1
1218 7
467 3
628 9
723 10
984 7
1201 2
1888 1
962 5
1486 6
705 2
653 9
829 3
1281 1
1325 7
365 8
455 6
1755 5
67 1
1290 3
1023 1
1913 10
18 6
1811 1
1323 1
1432 6
1154 5
1270 5
1703 6
1220 4
436 3
1606 10
716 6
795 9
815 1
1838 8
37 7
986 4
49 7
1087 7
1014 4
256 9
686 6
1343 5
596 5
1586 6
840 2
1087 5
239 5
347 8
1493 3
1148 8
65 5
715 1
1171 10
1701 5
1655 8
1320 8
1099 10
787 3
1510 10
278 9
420 4
557 9
581 9
1500 10
484 4
1056 5
635 1
918 4
1322 2
138 6
592 5
658 7
1207 2
534 4
1339 4
1941 2
1043 7
1220 6
1832 8
516 4
451 8
545 6
1269 6
1747 10
1250 9
1905 3
1251 6
1019 5
726 2
1815 5
482 7
715 2
313 8
563 5
429 8
656 6
1357 6
1637 1
1577 2
135 5
743 5
830 3
1076 5
695 8
1960 6
974 1
1693 1
1700 9
535 7
641 6
1516 2
579 8
1615 3
489 8
787 2
693 7
493 9
1233 9
801 1
1802 1
46 6
1715 2
552 4
1020 10
1308 2
1601 2
105 10
134 6
413 7
1205 10
1183 7
1992 8
397 5
1218 4
1470 7
1727 8
1879 10
1855 1
1962 4
1336 1
441 3
1790 1
269 2
1972 4
802 6
1164 9
1957 1
335 4
1490 4
873 5
940 10
320 1
697 6
944 3
1169 5
1830 10
94 1
553 4
1870 6
2011 8
1119 8
1465 5
1537 10
1709 10
1518 6
954 1
1853 6
244 2
826 6
1747 1
69 3
1321 10
1139 5
1939 4
994 4
938 8
1132 10
1860 1
1103 10
772 6
1614 4
31 7
48 1
1567 9
1194 4
1252 6
1720 5
92 4
244 9
1103 9
20 5
65 8
1874 8
17 9
767 1
1790 10
400 6
1340 5
1708 9
907 3
291 7
201 10
35 1
1679 5
1060 9
745 2
1179 1
1255 1
1988 6
739 6
1689 2
1501 5
342 10
334 4
1595 9
1001 9
755 1
987 8
1231 9
100 2
321 6
1108 2
1845 2
466 3
1679 5
1251 9
1699 8
72 3
1147 7
1465 3
1260 4
1003 5
1012 7
1552 9
21 9
1227 2
1805 4
1033 9
772 6
2 9
66 4
425 6
568 5
1750 8
527 8
544 5
1084 9
1698 8
1703 2
241 5
308 3
1499 10
1105 8
1209 3
1590 10
1721 7
450 5
1457 4
18 5
586 9
876 2
1978 1
1731 3
732 5
274 3
1366 4
1062 6
1501 3
147 2
333 5
352 4
323 7
1945 4
938 4
1212 4
1509 4
1689 1
9 3
1418 2
136 2
724 6
744 6
972 2
1538 1
473 9
881 7
933 5
1519 8
1638 4
551 5
1570 7
1264 3
27 7
1691 4
910 9
1478 8
302 3
524 4
479 3
1297 6
1342 1
1313 10
1621 7
1909 3
595 1
844 9
1945 5
28 6
474 6
1280 2
1836 8
1092 10
321 4
1108 5
1952 5
1966 2
151 4
264 3
1811 10
874 10
1978 9
303 5
1945 10
215 10
282 6
555 5
1843 2
1682 6
1828 7
1283 9
1089 5
901 6
1565 6
228 9
1334 2
1745 1
1102 9
185 9
741 7
801 5
204 5
603 6
1303 10
407 1
1846 4
1666 1
999 7
1891 6
1277 4
310 5
1089 10
1622 3
414 10
1440 3
2015 7
205 7
775 9
1302 1
56 8
823 10
1383 4
256 7
189 8
1509 1
1675 4
1931 2
892 9
1235 7
1413 5
1512 3
1587 6
1971 1
86 4
107 1
240 9
546 3
1387 1
1130 9
1307 9
903 8
282 1
132 7
1463 1
1431 7
222 7
1870 10
1837 3
1023 6
1742 4
703 1
1581 9
163 5
1228 7
5 2
1967 2
136 7
889 10
1362 10
1708 9
125 8
1360 3
976 1
1038 7
117 10
718 7
465 3
587 9
828 4
686 10
1332 2
1509 6
423 1
1276 10
1153 6
1636 6
390 1
244 8
18 6
1318 10
990 10
1035 8
1670 8
134 6
1059 3
600 6
1031 6
1450 1
3 10
1165 10
1690 1
993 7
512 3
534 3
596 7
1848 3
1111 7
27 9
1013 6
528 5
1480 6
1704 4
1033 8
999 4
1344 3
484 8
240 5
1473 7
318 3
1687 4
1820 8
309 7
1551 4
954 7
1131 10
1251 2
2026 5
742 6
1569 5
1933 3
236 4
259 4
388 9
227 7
502 2
305 3
959 1
1303 10
988 3
1191 7
1712 1
166 5
205 8
1156 10
1801 10
880 2
859 7
1275 4
1496 6
1640 9
1927 5
315 8
494 1
889 10
34 6
1186 9
1353 10
1693 5
1004 3
1204 8
1491 5
1761 5
416 4
2022 7
969 8
1632 7
154 8
1412 8
992 3
1919 7
1872 4
1207 6
1310 1
320 5
1396 7
1060 3
1073 6
1214 10
69 4
1232 5
1859 9
1017 4
810 6
1538 7
1783 2
1824 5
38 10
1288 9
847 3
581 7
854 10
1821 1
1878 3
1732 10
354 8
1796 8
1324 10
1059 7
1707 10
1719 9
1731 2
509 5
1488 6
1769 10
519 9
1029 8
811 5
1895 2
2015 6
161 1
568 10
928 5
440 9
745 8
1280 5
1318 4
1357 7
322 6
1747 2
839 4
1297 8
1329 9
1383 10
1644 3
4 5
21 1
357 9
46 3
1747 8
338 7
84 8
295 1
868 10
1867 2
1159 4
1441 7
234 9
354 9
1826 6
1533 8
582 9
1006 7
1226 5
1322 5
1702 2
583 7
1046 3
691 8
266 4
436 2
515 7
1516 10
2016 8
1595 9
287 3
1685 3
482 3
1467 5
2047 2
1095 10
1669 10
962 8
1238 10
1510 6
265 4
1160 5
830 2
936 10
1658 3
1962 7
592 6
653 10
506 1
1941 7
920 10
52 3
71 10
184 6
331 7
527 10
1880 1
180 9
1174 1
434 5
1925 1
1898 4
1805 10
1853 6
1810 9
1386 8
1739 9
1486 2
761 1
943 9
272 10
519 4
169 5
73 9
294 10
681 8
185 4
847 6
1881 2
1540 4
1678 9
216 1
153 8
317 4
967 10
1960 5
162 7
604 7
1067 10
457 8
890 4
1715 3
570 5
313 3
554 7
180 8
1731 3
1516 8
1897 3
111 5
154 7
602 8
1726 4
1654 5
11 5
62 10
368 3
478 1
1952 6
122 6
1698 9
1270 1
1410 3
1644 4
143 4
323 7
609 6
1408 8
1967 8
1539 6
817 3
223 1
916 4
463 4
979 6
1933 9
73 10
876 2
915 6
1927 9
562 2
1530 9
1077 5
424 5
161 4
1104 1
229 2
6 1
734 4
1692 10
1393 7
1200 8
899 4
881 3
1625 3
452 5
335 3
362 9
120 8
649 1
853 10
925 3
1139 6
1646 5
318 6
569 2
1465 6
64 8
949 5
1198 2
1369 1
1412 10
263 2
587 2
1157 2
836 6
1424 9
1485 7
100 3
885 5
971 7
248 6
535 6
894 8
1240 9
1550 7
1743 6
1060 7
1732 2
972 4
529 6
39 6
445 6
1636 9
1690 8
1003 10
1672 10
83 1
104 8
1748 9
1812 6
1210 7
1224 3
1314 1
1737 5
275 2
1090 6
728 7
711 9
827 3
1002 4
1572 1
1927 6
710 9
1678 10
960 1
901 9
1646 4
1037 4
570 9
1089 9
1383 5
1462 10
1679 1
56 3
106 4
39 3
964 4
948 1
146 1
1086 5
1396 8
567 10
1488 3
1168 7
405 3
1829 4
1398 9
1522 2
1610 10
368 2
600 2
1439 8
222 4
593 1
755 4
917 8
577 1
1673 4
590 6
1392 1
1838 6
1866 1
871 4
1700 9
1753 9
652 7
877 8
1141 9
1320 3
1716 3
454 7
1983 3
1819 2
1182 4
520 6
971 8
327 7
481 7
796 10
1345 2
9 1
356 7
1778 1
786 9
1185 7
1714 1
179 6
881 8
1503 10
1913 6
474 2
586 10
169 6
1190 3
1030 6
389 10
1176 10
1374 1
631 6
1153 1
1201 7
1437 2
909 9
1815 4
2028 7
1351 8
1441 4
1656 8
195 5
1500 9
1678 9
1467 10
599 2
735 3
860 9
1279 7
1343 2
309 4
522 6
433 8
465 10
1803 10
905 4
1781 4
508 3
710 7
1381 9
1083 6
1374 7
81 7
476 9
269 2
965 2
1169 6
1872 1
1394 1
18 5
2006 8
1545 4
1218 4
881 1
1399 5
260 7
342 5
543 1
629 5
1291 1
1533 3
1366 3
1491 7
2024 5
458 1
941 4
970 2
1869 5
1931 10
1863 2
701 4
1992 1
390 9
467 7
1836 3
726 3
1922 6
1222 3
1105 2
1966 10
1804 4
958 1
1645 9
1853 10
1119 8
59 9
236 4
1711 9
1300 9
147 7
621 6
876 10
1576 7
1066 5
2011 8
336 9
1990 10
942 4
1392 9
1883 2
24 2
640 7
325 2
790 1
286 2
1619 5
1692 7
262 6
393 9
793 1
662 6
1511 6
601 5
524 2
1476 1
1674 9
343 9
2031 5
631 6
102 9
1494 2
620 2
676 8
1859 1
1929 1
1815 4
227 1
944 1
1695 3
1709 9
2047 6
427 8
1742 8
2036 9
0 10
1447 3
839 4
931 9
1095 2
1839 1
1820 8
1089 5
401 9
1187 3
0 3
90 2
111 3
1519 7
1127 10
1360 3
918 9
1180 5
8 8
568 8
1605 5
1827 3
19 1
1574 2
1519 9
544 7
1248 1
1567 3
245 8
520 5
1992 1
134 7
1063 3
1974 5
459 7
1775 2
896 9
1956 2
197 8
775 6
1358 9
959 6
1012 8
1840 6
1912 5
841 5
761 10
1903 6
497 9
1010 8
298 6
471 8
983 3
715 4
1438 1
622 1
1398 7
1798 5
1986 7
1976 3
1562 5
1623 2
262 2
389 2
284 7
1228 2
973 6
1132 6
1610 1
338 6
1309 3
871 4
810 4
969 2
20 5
1717 4
2018 8
150 4
1109 2
1872 2
908 4
1288 7
1496 6
1946 8
754 10
1375 10
468 6
1495 9
689 1
325 5
1539 5
405 10
138 8
1097 3
1650 9
549 8
427 1
17 8
1169 3
1861 3
1099 5
1466 6
1772 4
524 4
776 9
809 5
826 5
201 1
967 5
2042 6
227 2
102 8
1028 5
1404 5
1563 10
953 5
1403 7
1627 3
1663 5
1354 10
1478 2
1273 4
1653 8
617 1
1471 1
1567 7
1955 2
1982 5
433 4
962 1
1245 9
1382 1
1761 8
1808 9
573 8
41 5
908 2
937 4
1311 9
1534 5
262 5
1237 10
982 9
1340 7
815 7
773 2
1414 8
1861 10
625 6
1449 10
309 2
941 9
614 6
1044 3
185 2
2046 10
771 2
1108 6
1231 7
69 7
168 8
436 4
270 3
355 7
644 9
753 6
1077 9
171 10
1921 8
764 9
1071 5
349 1
1335 8
1363 6
1543 1
146 2
1189 5
1654 9
340 4
559 8
1485 7
1928 4
483 1
788 1
2045 3
1436 10
1801 6
1862 3
1170 8
57 2
796 2
295 5
1813 4
974 4
1022 7
1936 7
132 9
320 9
1966 4
1813 2
356 6
1129 1
27 1
1463 3
1247 5
1661 7
1825 10
1965 8
197 4
1579 4
974 8
1446 7
1956 5
379 9
1827 8
373 6
431 10
512 6
721 9
194 7
134 10
894 1
149 1
163 5
604 2
1425 2
594 3
1335 9
1423 7
873 5
927 2
935 8
1215 3
1235 5
150 2
778 1
1315 1
498 9
1271 6
1030 4
1968 10
381 5
1650 4
1848 10
394 1
741 1
954 5
1462 6
1634 8
1870 6
1915 2
1009 8
1286 8
1385 2
491 9
166 2
225 9
1003 4
1587 2
204 5
742 1
1462 10
40 10
1095 10
1880 8
2035 6
869 6
1212 9
1728 6
1885 2
78 8
590 9
200 3
1132 9
1205 8
1365 1
1476 4
780 2
720 10
1123 9
1415 4
895 3
1156 1
366 8
578 3
1354 9
1964 10
1116 6
523 1
1349 4
1480 1
846 1
1459 4
1749 6
1881 7
305 10
216 5
1589 6
1770 7
1918 5
441 8
1533 7
1066 9
1584 8
77 9
1353 4
1865 6
2013 2
227 10
604 1
849 9
640 5
2019 8
1222 9
104 3
1702 6
804 5
608 6
197 5
1813 9
1264 6
1879 9
115 7
1738 7
802 5
909 7
1524 1
1577 4
103 6
148 10
507 2
288 8
1720 10
817 8
822 4
2020 3
246 6
1165 10
84 2
1068 3
1082 6
1444 4
1587 7
1974 3
2009 5
154 8
1771 1
136 1
113 1
391 7
1581 8
199 1
1829 5
1635 10
1250 4
1333 9
1439 10
1701 1
764 5
211 2
1358 7
1179 9
1370 9
217 4
758 4
671 6
529 3
486 8
1606 10
2012 5
460 1
2034 1
675 5
333 8
541 10
46 7
1737 9
5 6
942 6
581 5
437 7
1950 7
53 5
234 2
927 1
1847 6
1238 5
102 7
771 7
590 1
1977 7
1664 6
367 5
1752 4
1104 5
1965 8
1507 3
1160 5
698 3
805 8
1730 5
275 7
1356 10
1797 10
403 2
1517 6
1298 10
281 2
916 6
1242 6
1431 7
1764 9
1903 7
11 8
1633 4
1962 7
1156 3
1452 7
1757 7
1864 3
102 9
391 9
231 1
1884 6
243 10
426 4
1726 4
384 5
1130 6
1950 8
805 4
1628 10
1923 10
644 10
11 2
1700 9
1765 5
1958 6
1145 6
1133 10
1048 4
86 1
207 8
1115 10
1960 6
1050 1
1711 8
1851 8
612 6
1328 2
370 5
764 5
1663 9
866 1
1155 4
131 1
476 3
1990 3
710 3
1735 1
373 3
412 7
653 4
1791 5
342 7
1652 7
939 1
1657 5
587 3
1914 9
1449 7
1786 4
1823 4
334 10
601 3
685 2
1586 8
31 6
960 9
1001 6
1215 2
1260 5
1814 3
1809 10
88 1
100 8
1796 10
560 5
996 8
975 8
1211 8
1594 7
1342 4
912 4
1122 3
1188 8
1103 4
1614 2
330 8
354 9
1173 3
1716 9
1480 7
156 1
426 1
1999 7
216 10
1526 7
1571 4
1726 7
76 6
705 6
171 1
3 8
1569 10
1274 3
1157 10
1515 8
1278 8
1368 5
1820 4
515 8
1057 8
1793 8
1149 2
1259 6
34 7
358 1
677 4
1926 8
1120 5
746 4
306 2
146 8
477 4
1268 5
208 3
592 2
228 5
754 5
388 4
177 5
1934 8
1540 8
1457 7
1527 6
97 5
1570 6
395 10
79 2
55 6
2003 2
1231 3
275 10
1953 8
1191 3
1321 6
635 9
1173 1
1985 5
1037 3
1070 8
1767 8
1943 9
25 1
574 10
1301 2
9 2
68 9
71 8
798 1
1719 5
1939 1
556 9
672 3
691 6
1328 2
1122 4
934 1
249 10
1898 2
1214 8
1228 1
1666 4
530 6
801 9
983 4
1977 8
1147 8
394 3
1207 4
1226 9
1410 3
485 3
1695 10
1502 5
566 7
1680 2
1325 2
1896 5
1934 1
1480 6
875 10
1861 7
37 10
428 10
412 9
996 6
703 10
1609 7
167 9
243 10
672 10
1338 6
1936 10
140 8
1784 7
1296 5
1188 9
415 8
263 4
865 2
1162 10
53 3
417 6
1726 8
1701 5
1840 5
1231 8
1323 2
1638 6
1741 7
1768 6
1381 5
116 9
218 5
665 7
1374 7
1142 8
1266 5
1084 3
1209 9
1651 6
489 10
1481 5
726 9
573 5
1646 2
1940 10
962 4
1782 6
215 10
350 8
361 8
524 5
913 3
1170 6
1991 1
22 9
1324 10
30 2
922 5
1267 9
1300 10
1613 4
1645 9
2002 9
1813 8
1552 6
999 5
1036 6
1381 8
1416 10
1590 6
856 2
1636 7
1682 7
826 1
1005 3
39 7
904 4
1263 4
1210 2
896 7
1856 4
1453 1
70 5
117 5
562 7
679 10
167 4
465 10
1042 10
564 6
794 6
256 4
1905 5
1275 4
322 8
2029 3
1670 8
1098 6
401 7
717 4
758 4
148 6
1621 7
1559 5
1649 2
1718 7
1721 1
2010 2
72 9
322 3
1231 3
1683 7
1659 10
891 10
1874 5
538 9
609 5
787 5
1149 8
1377 6
1559 2
2033 8
95 5
637 10
1058 8
1686 10
1813 8
988 2
1712 3
852 10
478 1
541 6
1001 7
118 2
122 8
569 6
699 2
739 10
628 2
43 9
1838 9
1692 8
1503 6
1778 6
718 8
1490 3
355 4
1293 2
2019 7
61 3
886 2
1823 3
1000 8
996 7
1024 1
1877 1
1362 2
665 2
437 5
1640 3
1601 5
1448 4
571 4
632 7
722 8
731 1
702 3
1367 4
1371 9
1407 10
1771 5
522 2
1 8
886 3
1355 8
268 2
1124 1
1145 2
1664 5
1932 4
1274 3
1218 10
1382 8
1643 2
2039 2
1891 10
1477 6
205 7
979 5
1153 1
1745 8
31 5
706 5
1132 3
1458 7
520 10
907 8
1420 7
878 2
882 3
570 2
44 8
67 9
1174 2
1279 4
113 8
130 3
134 8
1617 3
561 6
503 2
1021 3
1052 10
1225 5
1900 8
1858 7
1045 2
1015 1
223 1
403 3
651 10
666 10
898 2
1693 5
1585 6
1931 3
1273 10
1888 9
693 4
1947 3
1208 2
1543 6
582 4
872 10
1474 7
646 9
1466 5
292 2
1312 6
1324 4
1890 5
318 10
1745 9
1491 10
51 9
786 1
706 8
101 1
1968 1
290 3
930 7
2034 9
2027 4
796 3
1179 5
1521 9
539 7
752 9
867 7
1393 7
1771 5
539 1
1385 8
1454 7
127 2
527 7
1451 2
1338 4
1640 2
58 8
889 2
243 7
1749 8
234 1
2018 5
702 4
1887 3
1826 5
1079 4
1477 8
259 4
439 2
1551 2
1382 1
1865 5
1902 1
1921 4
1929 7
60 5
155 7
397 6
711 9
639 6
212 2
1394 7
1102 3
1944 5
16 10
221 2
1940 9
1067 8
14 1
350 4
22 4
148 7
1643 6
647 8
214 4
1460 3
866 4
1146 2
1882 1
128 9
533 8
727 4
526 2
1431 5
1315 4
1914 7
1796 9
1435 3
1121 8
885 8
618 3
111 4
102 3
760 4
1067 4
965 7
769 2
1764 7
252 1
725 9
804 7
1795 10
1061 10
1384 10
633 9
1864 2
1377 6
1648 5
1469 5
1489 9
1582 10
306 8
550 1
1135 3
1905 7
1696 10
996 4
833 4
265 1
1858 1
1842 6
12 9
227 5
862 3
427 4
1 6
485 3
1098 2
133 6
1435 3
1629 2
187 2
152 10
2012 10
1225 4
699 6
1129 10
418 5
698 4
818 6
1185 7
917 4
1759 8
1984 7
1852 7
150 10
916 4
715 8
324 8
377 4
1649 8
1786 10
59 1
92 6
231 7
748 9
595 4
1100 1
2035 5
13 4
1555 10
1914 8
1936 2
957 1
1317 3
2014 8
157 9
686 10
1473 6
378 5
1255 7
92 2
423 3
1760 7
355 9
1312 3
1641 5
1162 8
1867 2
474 10
863 5
1007 5
424 10
960 5
1550 5
168 1
219 1
1410 8
964 8
1432 7
1753 5
506 2
2020 6
1163 6
1299 6
1651 1
1995 5
384 5
1077 5
703 3
1248 3
180 5
523 6
1780 6
1425 8
1487 3
813 1
1140 7
1659 10
787 2
145 1
676 5
1349 2
1975 9
1756 5
1164 1
1717 8
1898 7
435 9
214 6
1847 3
1800 3
1845 3
1128 2
1026 10
894 7
1218 6
211 8
746 9
1241 1
43 6
2004 5
1180 6
1178 6
632 5
1743 9
1499 3
1543 5
1609 4
1951 10
242 4
848 1
1065 8
1995 10
1583 4
1868 7
92 8
787 8
1190 5
1411 3
961 7
685 10
1796 1
1468 1
1558 4
1785 6
1244 7
1520 3
1922 6
1928 8
1121 9
1795 8
769 4
1398 7
1570 10
555 9
613 8
945 1
1969 1
630 4
35 9
1777 4
1789 1
297 5
1847 9
564 4
828 1
2037 3
609 10
1171 2
1849 3
516 5
1185 7
1689 4
1866 6
733 4
772 9
228 2
222 6
1783 7
1568 1
1514 8
1537 4
329 3
812 6
740 4
1691 3
1180 9
689 9
1670 3
1979 2
1044 8
1107 5
1373 3
1955 9
348 9
745 1
301 5
609 3
2001 5
938 1
1220 10
960 9
146 10
234 3
1189 8
88 5
324 6
224 3
1238 5
442 4
1417 4
1823 6
326 9
713 1
1356 9
122 10
1080 10
704 5
1996 6
7 8
1261 10
1348 10
219 7
1661 4
538 9
1077 2
1417 7
1117 3
1566 1
1683 2
335 8
1262 6
10 9
1313 3
1848 7
1948 10
1505 8
1342 8
1191 10
766 5
1399 7
1008 10
112 4
1757 3
1857 8
33 4
611 1
790 5
661 7
321 9
1770 9
275 3
1346 9
1410 10
59 6
290 2
1903 4
1019 2
1305 9
2020 10
168 6
253 6
1156 3
45 1
1495 8
1780 1
1795 6
76 5
375 8
919 1
1567 4
249 6
1920 2
736 1
1609 2
972 8
1432 1
1093 2
190 9
664 1
1707 10
1217 9
753 6
711 1
830 9
922 5
945 9
363 7
1464 5
1980 7
1935 3
1019 2
1349 2
1837 6
217 10
935 7
1442 5
309 3
1336 10
1533 8
587 5
768 1
861 4
684 8
93 6
1427 6
1853 6
464 6
407 9
1652 1
1140 7
1288 6
1773 8
713 4
923 8
1528 9
980 3
1897 10
1909 5
517 5
729 2
908 7
578 5
346 1
156 9
1016 10
558 9
1075 10
1271 2
1493 10
1558 7
765 5
1559 1
692 10
205 1
1396 2
1251 1
1740 7
542 2
2024 7
1617 10
1185 1
1573 8
1425 10
1720 5
2044 9
668 8
419 3
545 5
758 2
1556 10
1832 8
733 2
1733 2
1305 7
109 6
706 7
720 8
1855 10
64 4
315 2
554 5
958 8
631 2
1751 9
1754 2
707 4
1058 1
1144 8
1243 6
757 6
1139 9
134 4
319 5
1127 10
1714 4
1752 5
2035 7
369 5
781 4
784 8
602 1
1171 5
1680 5
1862 2
1480 1
832 8
1592 6
1832 5
1962 7
81 1
347 9
652 1
253 8
1402 8
1412 1
459 7
1453 4
2045 10
1705 10
3 10
229 8
371 4
1139 1
1087 10
1159 9
277 3
1294 8
460 2
884 5
1858 8
698 6
15 8
1440 6
166 9
964 3
1790 6
1137 9
579 4
1690 2
105 9
1555 3
285 7
1461 9
770 9
576 5
755 3
849 4
1497 5
1805 10
1023 4
1111 5
1633 2
294 3
586 7
302 8
1538 2
1496 9
1603 8
1942 2
22 9
139 2
1380 4
1141 5
1644 5
1815 6
2034 9
591 4
1693 1
188 5
1500 5
1350 9
1949 5
622 8
1655 7
124 2
170 8
230 3
874 2
1086 2
664 3
1704 4
1506 3
1973 8
1210 2
1973 4
72 10
1372 1
1122 3
1517 2
294 1
655 10
200 10
1629 7
1527 9
1361 3
1514 10
1504 2
1427 5
1800 2
669 3
1120 4
552 7
372 10
1483 10
1599 2
1948 2
657 7
1526 3
1408 10
1841 9
1926 9
1159 2
1851 3
337 10
419 9
613 4
1930 5
999 10
1439 6
1408 6
407 3
1952 8
266 7
832 8
853 6
879 7
911 4
1370 1
1122 2
90 1
1392 6
466 1
1753 4
533 6
1592 6
208 3
1900 10
41 8
1036 8
329 10
864 5
994 10
659 4
641 7
1825 8
547 1
878 8
1103 8
1324 2
1732 9
569 9
622 9
830 6
875 7
1352 6
1125 8
1472 8
67 4
710 4
1009 1
155 3
1802 1
2021 10
792 4
624 5
708 10
1794 4
667 3
40 8
250 10
1539 8
1074 10
1245 10
1307 9
1564 9
143 6
866 3
1200 2
1164 1
158 9
1445 5
1032 1
1288 8
1394 5
1495 9
1970 3
460 7
1221 3
680 7
1412 9
922 5
61 6
1594 10
75 2
105 3
1204 2
1763 9
1777 3
275 2
520 10
953 10
437 1
1574 10
1041 6
1376 10
1002 1
791 8
1735 9
509 3
1097 10
1032 9
1780 1
28 6
98 6
114 8
148 4
91 3
754 8
1165 5
1296 2
1531 8
2043 3
449 9
1069 1
1073 2
1421 1
1923 6
285 6
509 4
753 8
624 7
1904 6
1251 3
1891 7
229 6
1681 7
1090 10
658 6
1590 9
1192 7
1887 1
409 4
436 3
591 4
1997 4
138 8
888 1
1449 4
485 9
1849 9
1475 4
966 10
1606 4
1168 2
1985 1
671 4
1856 2
1333 4
1630 6
1846 5
1984 9
1236 3
1775 8
1852 1
1309 2
206 8
599 5
955 2
960 2
11 4
1195 1
226 1
305 10
1072 1
605 10
1028 1
256 2
887 3
583 7
1743 6
1617 4
226 6
781 7
1935 9
1228 9
1468 8
1798 4
1930 8
353 5
588 1
649 6
983 4
1744 9
1174 7
1895 2
220 6
511 1
879 1
1672 9
418 7
1775 1
93 3
102 2
1308 5
1472 3
502 10
567 7
930 10
1195 9
1669 6
1184 4
1689 3
1336 3
1957 6
477 8
1473 8
243 10
440 10
491 5
1020 1
161 9
765 5
1318 6
675 8
1469 10
198 2
1977 6
1173 6
723 6
789 4
1421 5
1772 6
1556 1
1730 8
2015 9
2044 5
129 3
1467 1
656 6
1108 8
35 9
66 4
69 10
1005 1
1009 9
1922 7
177 4
625 9
659 8
38 6
499 9
1905 6
1906 6
416 5
1854 1
1298 1
471 8
1586 5
38 4
655 8
1229 8
278 9
1048 6
538 9
1100 1
396 10
864 6
998 8
1085 3
1442 6
1874 4
168 4
267 1
712 4
1740 5
844 3
1816 4
378 10
652 7
525 2
1395 5
1965 4
1837 9
1986 3
1626 4
1413 3
241 3
1078 10
1586 5
96 6
211 10
1600 1
1617 6
1745 7
329 3
572 10
1008 6
34 9
1628 3
457 3
303 1
1058 9
1205 9
1918 3
509 9
868 10
1168 3
42 2
129 4
372 10
597 7
1521 8
1970 3
1622 6
1782 10
291 4
395 7
773 3
335 10
1224 2
1711 4
943 8
888 2
377 8
332 2
1240 8
360 9
681 3
296 9
515 8
1724 10
1786 10
301 2
1268 5
1448 1
346 2
1865 2
1035 6
332 6
824 4
417 2
421 8
1187 6
1497 4
1578 6
331 9
1557 3
214 8
825 1
1235 10
21 8
450 8
1221 9
1528 7
1589 9
1902 4
1933 2
261 3
174 7
1188 10
426 10
1531 9
1619 8
1987 6
125 6
519 3
338 4
48 8
887 10
1311 1
1144 1
1275 7
1300 10
1545 3
1602 6
48 4
1753 3
1252 2
1388 1
313 1
391 1
357 9
1882 9
1967 8
26 5
260 7
345 4
180 7
1532 6
1086 5
1352 8
1923 9
30 4
595 5
1914 9
486 3
1429 10
160 6
1140 9
1531 2
1814 4
838 8
1817 7
1883 6
874 8
1709 5
1041 9
972 1
1831 4
47 6
555 10
656 3
1591 9
81 9
673 7
398 4
1549 9
670 3
707 7
619 9
1751 4
1106 1
1400 4
110 5
261 1
909 10
1678 3
382 5
1530 4
1455 8
1499 6
1789 3
1236 7
1516 4
629 6
169 10
1622 4
1742 5
1 1
751 3
1603 6
385 3
1200 4
1252 5
1673 3
1782 8
1227 7
1223 8
1377 10
1544 6
1960 8
446 9
510 6
934 8
212 3
1393 2
1171 2
1770 1
1788 5
362 5
800 9
1874 4
1591 2
739 5
370 5
693 10
908 4
1090 1
1418 4
1089 7
902 8
1706 2
1761 3
257 9
806 3
395 10
215 6
1368 8
1464 6
1837 8
115 7
1011 1
1823 1
1411 7
2038 6
844 8
1814 5
776 5
281 10
1787 2
1455 10
1656 5
300 10
1020 1
1988 1
1475 7
1826 2
254 9
670 6
1011 2
76 4
1322 5
1193 5
1004 10
74 1
1819 3
966 10
385 2
513 4
1607 10
602 5
549 2
329 9
185 8
700 5
775 9
925 5
950 2
73 7
1898 7
1283 3
1356 4
1673 8
118 7
1573 9
1039 10
1639 8
1725 5
1741 2
1801 10
418 5
500 7
899 4
1674 1
1472 8
1278 1
1754 9
948 10
105 10
165 6
332 2
365 9
1376 3
1442 2
1808 2
1157 2
412 1
806 6
1222 8
1813 1
1639 9
1361 9
728 6
421 2
1955 4
352 2
1565 2
32 4
859 3
1462 8
314 1
626 9
1437 3
1499 7
1801 6
192 9
1590 9
19 2
1036 3
1279 1
1375 3
40 3
988 2
1 7
713 5
1055 5
277 3
7 1
591 7
978 10
1674 10
1542 2
592 5
1605 2
410 3
105 6
1614 5
518 1
1585 3
1783 7
639 5
642 10
712 9
747 5
1067 7
1322 5
1183 9
98 1
330 9
1765 6
583 4
710 6
1013 10
1067 1
553 2
548 3
1234 5
1716 4
1722 1
1542 4
1220 4
1608 4
636 10
1540 5
186 4
157 5
1489 6
1539 8
30 10
311 5
427 7
958 2
1688 1
1501 4
153 3
48 8
137 7
487 9
6 9
172 7
2047 10
75 8
684 10
1543 3
1968 1
746 2
793 10
1451 2
1514 2
1541 10
1632 5
1746 1
57 9
1545 4
1241 4
1725 9
522 5
762 3
1009 10
1715 2
258 6
870 6
914 2
98 6
1239 7
1873 10
594 10
1852 1
1485 9
763 5
1734 7
180 6
228 6
1036 1
1551 9
37 3
918 1
1141 9
1605 10
1316 3
1681 5
423 1
640 9
1395 10
901 3
1287 8
1388 2
1479 2
158 3
614 10
616 9
1000 8
833 4
1819 2
137 6
701 1
816 5
1979 3
1759 2
1388 9
487 8
1639 6
235 7
627 8
735 2
320 3
1630 2
1721 8
1969 9
1060 1
1815 4
1620 10
94 10
1406 8
1901 6
364 6
192 8
943 5
576 8
56 10
1523 7
2036 10
381 7
623 2
1031 8
773 6
1817 4
1135 1
636 5
760 2
68 5
1344 3
1117 8
175 8
1785 7
1945 5
449 4
1621 5
176 5
658 7
1922 9
983 5
435 6
508 1
1993 1
1684 3
1134 7
558 1
1852 8
1710 2
1123 3
1921 6
172 1
1442 5
1987 6
1152 2
257 6
825 10
1859 6
1774 3
235 10
1203 9
1662 2
1943 10
797 6
105 4
1439 8
1936 2
1964 7
10 1
374 4
1109 8
1834 8
950 3
1188 3
82 3
383 10
1961 6
1234 8
1532 6
269 5
453 6
737 8
550 4
610 8
1647 5
1928 8
5 10
179 5
839 5
992 4
331 1
1310 8
8 7
439 1
1993 3
907 8
937 9
1418 3
1755 4
1874 7
833 3
847 4
531 5
996 2
1550 6
989 3
1130 3
1674 8
796 9
1113 3
361 5
882 1
1207 9
1844 2
1488 8
1662 9
64 4
328 2
1001 8
1304 10
1697 7
1213 4
1576 10
1908 5
100 7
1994 6
2022 4
44 2
347 10
748 10
1801 10
2029 3
973 10
1479 1
379 4
387 6
930 2
1207 2
318 6
1298 3
1707 9
1974 1
783 1
1907 10
374 8
915 10
1696 1
647 9
1122 3
821 6
1754 4
1914 10
1846 1
661 10
225 6
1605 10
2020 9
525 6
613 10
885 3
757 6
259 8
795 9
1943 2
824 10
363 5
1698 9
375 9
319 6
212 3
313 10
433 1
1112 7
274 8
1332 7
1240 6
1612 5
62 8
325 10
911 3
1108 1
1299 9
1385 4
2010 8
1788 6
115 10
1720 4
1587 2
454 3
1334 4
512 5
980 9
2032 5
1555 5
260 8
1330 7
1422 7
1641 2
107 2
398 4
75 7
505 7
1822 3
1968 10
2017 10
283 1
359 1
973 9
978 1
225 2
703 6
1825 5
612 5
1802 4
459 8
927 7
963 7
1056 9
1846 5
584 2
718 9
985 5
408 4
33 7
1100 9
46 3
1233 6
255 10
859 8
333 3
234 3
1823 6
1712 6
138 3
144 3
1966 5
394 9
459 9
1932 4
972 8
1052 1
1304 3
1625 1
1997 1
380 9
824 6
882 2
1656 8
1979 6
1711 3
1270 7
1886 6
904 2
91 10
1703 10
1147 4
1602 7
89 10
624 7
849 8
1146 4
1376 6
1628 3
1733 9
387 9
593 8
1904 5
1653 1
1633 2
2028 10
454 6
873 8
163 9
45 10
838 2
1452 8
1538 6
1681 10
531 6
489 4
459 5
1884 7
287 8
419 1
309 9
1322 7
1171 1
1114 2
19 8
654 6
724 1
884 1
1358 2
1531 2
167 7
589 5
418 5
1825 4
1998 6
826 4
1684 5
180 7
665 10
819 3
956 3
1501 1
1763 10
796 1
1372 5
1403 2
1850 8
73 6
705 2
837 10
324 2
1081 2
1531 5
1421 9
316 1
1752 3
132 8
396 8
978 9
1742 6
679 4
993 2
1194 10
1536 2
442 5
685 5
547 2
816 5
1844 6
1325 3
1181 7
1892 7
1720 6
1585 4
1704 7
1551 5
330 9
1458 3
856 10
1429 1
921 8
1723 1
1834 3
2007 2
74 5
207 2
1482 1
924 6
1937 2
1585 7
1813 4
466 9
1005 1
608 9
1970 4
928 1
1723 1
1719 8
469 1
657 10
806 10
1547 9
1010 5
311 4
1579 2
1172 8
1356 5
1427 4
1435 9
1809 1
1509 4
1862 2
90 7
1268 6
1999 7
424 5
1694 7
1929 4
1648 9
714 7
1016 2
1042 3
1795 6
1359 9
189 2
1864 10
1569 6
440 9
763 3
609 5
314 10
1658 6
729 6
1442 5
1554 3
1810 6
495 3
780 8
371 2
240 7
862 6
1329 6
1942 8
304 1
433 4
497 4
562 7
940 2
974 5
1152 1
1065 2
1829 7
593 10
273 10
1329 6
249 1
455 8
1656 6
1437 5
1165 8
1972 5
834 3
844 1
1029 6
1392 3
107 9
1554 5
1758 10
886 2
687 1
158 7
1023 7
1794 2
400 7
1729 5
724 10
1726 4
104 8
1184 3
2042 3
1935 3
585 4
1481 4
485 9
254 2
1686 9
932 6
474 4
1515 10
620 1
809 9
424 7
895 5
1396 1
1753 3
1291 1
1713 8
932 6
179 1
942 9
748 5
2044 4
465 2
1160 7
1608 8
1377 7
362 1
719 4
528 4
1325 6
292 6
1837 7
1534 7
1802 6
104 10
223 6
606 7
1089 9
1660 2
296 10
1987 9
1580 6
331 8
451 6
1026 4
1176 3
1670 10
916 7
968 1
721 7
940 7
99 5
1464 6
200 4
666 9
1893 8
1049 6
151 10
1522 3
747 3
1279 7
833 8
855 9
1051 10
1202 3
1117 3
1507 3
1674 10
1225 5
1484 3
249 2
777 5
946 8
139 1
51 9
1257 4
2038 6
496 8
723 3
935 5
436 6
1863 4
1432 7
1479 10
1856 6
843 3
664 7
952 10
1348 3
1013 7
459 9
1074 5
377 9
1290 3
170 6
1653 7
356 3
399 6
615 4
285 1
1159 10
1768 7
410 3
146 5
183 8
280 8
436 2
1026 9
1019 1
1776 7
1829 7
1679 4
265 4
1431 1
1927 3
1459 7
1588 9
1826 1
142 3
238 4
1870 1
42 8
228 7
1379 1
256 6
215 1
704 2
1719 9
1561 5
294 10
1566 3
1817 6
1945 1
1992 5
229 8
487 2
702 8
1005 2
1063 4
1831 8
1272 9
1544 9
363 7
724 7
586 2
1641 7
1767 7
175 9
1188 3
373 3
1740 6
1593 1
181 3
1744 9
1789 8
1944 10
2001 6
1115 9
295 8
214 8
1733 8
1007 2
667 8
56 9
1455 6
1707 7
2016 9
196 5
606 10
1736 8
795 8
1041 9
1328 2
1574 1
1733 3
1847 8
2033 2
1611 7
7 10
284 7
407 2
596 2
1124 9
1128 2
849 4
20 1
669 6
1732 8
891 2
2024 1
1211 5
859 9
627 3
276 9
1608 6
867 2
989 2
190 4
709 7
1855 1
1208 5
432 7
1771 6
1745 9
832 8
1265 10
1724 8
272 10
794 9
141 10
1338 7
630 4
33 10
198 8
316 10
1125 4
2040 1
470 4
1856 9
1307 1
1483 6
670 10
1777 6
848 8
830 2
1265 10
787 3
1356 7
1946 10
167 3
253 4
446 8
1899 7
959 9
1785 4
413 3
454 10
586 7
731 4
883 10
931 6
501 2
606 4
1828 2
39 8
270 9
1671 7
1231 2
370 7
2004 1
1481 4
120 2
590 4
597 6
945 10
1091 4
190 4
1416 4
1717 7
1006 3
1050 9
173 6
353 10
521 1
554 10
735 3
1082 8
801 9
446 8
1064 8
578 10
1906 3
1347 7
1524 9
192 10
1044 2
263 9
448 4
2016 8
709 3
915 4
887 5
203 10
1188 5
498 10
235 7
324 3
849 9
1903 3
680 5
1736 5
1983 1
505 7
625 2
1064 7
1868 1
1897 8
218 5
1304 8
650 7
757 2
1022 9
848 1
1503 10
1377 2
1692 1
1 3
1035 8
141 8
1885 10
1266 8
1627 1
1573 9
1480 10
1440 1
461 9
843 3
872 3
1219 2
70 2
622 9
857 8
773 7
671 5
1987 1
1405 3
254 4
1484 10
604 9
1141 6
1520 1
1632 6
1118 8
1845 8
1090 5
646 7
1050 10
787 5
2028 9
1241 5
1416 5
1818 4
1018 3
1062 7
1335 5
360 10
1248 3
541 6
770 10
199 5
261 2
1330 10
2045 10
411 5
515 6
814 5
947 5
318 10
1333 1
684 10
285 9
1268 1
1282 4
1098 7
1821 10
1251 7
205 1
220 6
1134 6
706 9
1296 5
118 10
1045 8
1705 8
289 5
1096 4
1533 7
468 10
931 1
1235 5
1557 6
1248 5
12 2
818 6
1849 10
41 8
168 10
557 2
14 8
972 6
1565 4
352 1
1809 2
1479 7
936 7
1390 2
1796 6
1806 10
336 10
417 5
1547 8
768 9
1004 10
1377 3
147 9
1779 9
29 4
1328 3
783 5
1702 4
164 9
1651 2
1678 9
1803 10
73 6
175 7
223 9
463 4
1242 5
750 1
925 3
560 3
1236 3
1287 6
83 2
1758 9
184 9
2032 8
1844 6
308 8
598 9
126 2
808 4
174 2
599 6
662 2
1239 7
967 1
1739 8
1012 3
623 9
1053 2
1427 3
615 6
1063 5
1558 8
1936 6
14 4
493 3
2015 3
1762 7
1816 2
1329 1
383 8
493 4
1260 6
1633 6
920 7
620 1
1584 1
274 7
362 5
483 8
1464 9
1331 6
1358 8
1940 3
347 9
512 3
1189 4
204 9
2006 8
1851 5
1872 10
15 8
1591 5
1928 1
120 4
1292 2
838 6
400 10
1434 10
1915 2
25 8
624 4
831 5
352 3
1254 6
280 8
1508 1
481 2
949 10
1995 2
1882 10
951 6
288 4
1965 9
1714 10
254 7
1367 4
866 4
633 3
803 6
358 7
1946 3
190 7
1215 10
1211 10
1282 8
325 6
1532 8
1667 10
418 10
859 5
1229 8
1711 4
1393 10
285 7
863 9
1782 3
493 5
1527 7
1544 3
1571 6
840 5
1238 1
1166 6
1456 6
1047 5
1553 1
560 8
598 6
406 6
138 2
1311 4
696 1
1145 7
589 5
1905 2
1557 9
2010 4
789 6
1458 1
966 2
1200 9
2 3
507 1
1579 9
1862 3
1428 2
1809 10
112 3
767 4
890 10
1482 5
1372 7
18 5
1799 6
883 3
1655 6
836 3
235 7
1583 2
869 4
665 4
1052 7
189 8
654 10
1404 9
1284 7
1749 7
1771 8
1810 8
365 5
371 7
642 4
433 2
1446 10
1878 6
1963 9
279 10
1432 3
837 8
1079 1
1704 6
1085 1
1187 7
726 7
886 4
1808 5
302 8
343 4
440 5
502 5
636 2
676 5
1801 8
1814 7
1819 3
587 1
34 4
1446 10
6 10
1300 9
1950 3
205 9
1265 8
482 4
1238 4
1569 2
1587 8
67 5
121 6
161 3
384 8
639 9
1077 3
1543 7
229 8
1748 1
1276 7
272 6
1806 1
1466 3
2043 7
521 5
1422 7
1504 9
1579 6
167 7
791 8
1905 5
1102 8
1248 6
1873 1
1642 3
12 2
279 10
672 9
963 6
760 7
99 10
1005 8
1613 5
1941 10
1554 7
1792 8
1754 9
588 3
1193 3
42 2
521 1
1377 1
227 6
273 3
732 1
1179 1
531 9
564 6
1835 3
59 7
1259 2
269 6
1365 6
348 7
384 9
877 2
102 9
1401 3
124 1
1601 9
340 8
1851 4
978 8
429 3
536 6
293 10
372 8
855 5
1240 5
214 3
239 1
76 5
1010 2
266 10
489 7
634 6
1470 6
677 8
1428 3
1436 2
30 2
293 9
585 9
818 10
1034 1
1128 3
1516 1
1736 2
1135 9
924 6
1972 2
441 3
501 7
738 9
863 10
1052 10
1281 9
202 7
258 7
565 1
340 1
1924 7
845 2
220 1
644 1
177 7
67 8
289 9
641 10
664 10
2032 3
1555 9
1740 9
409 8
1125 10
1467 7
482 9
1144 3
1227 8
1564 8
525 1
970 7
955 9
201 1
7 3
1684 6
1332 9
1990 3
1998 7
647 9
1004 9
1213 1
1433 6
244 10
1659 4
1682 5
80 4
382 10
605 2
1025 5
1626 9
1825 6
186 8
758 3
1018 2
166 1
1693 7
1979 9
73 5
1120 8
432 1
86 2
669 1
1419 1
238 7
1052 1
1269 4
1939 10
474 7
769 9
1313 5
892 6
921 3
1940 4
537 3
1384 6
951 3
348 1
1311 5
634 10
479 4
1461 2
709 1
1965 4
1976 1
906 4
1424 3
788 1
1818 9
56 9
324 4
1101 3
1673 2
1851 9
62 1
919 3
1545 3
1819 10
2007 6
655 10
1951 6
1028 6
676 4
1888 10
121 7
1428 9
509 5
1575 4
1513 7
1790 6
594 8
718 3
1934 2
129 5
251 5
303 8
612 10
843 6
1510 9
239 1
1443 2
1525 7
91 10
100 9
546 9
1074 5
1089 5
1151 7
680 5
595 2
1648 5
87 10
439 1
589 1
1638 6
857 2
1743 5
64 10
673 10
863 10
480 10
1000 2
892 4
1710 5
2018 1
1160 3
1182 6
851 2
587 7
97 5
2026 4
355 10
298 4
1916 3
1590 5
288 2
1889 9
1914 6
321 2
404 4
514 6
826 2
847 2
1247 3
1356 10
1205 2
1671 8
218 3
1954 8
1253 1
1170 6
677 9
1171 6
44 4
390 9
515 8
1137 7
1237 10
158 7
469 10
1558 10
1977 8
210 3
405 8
1256 6
2017 5
246 8
1555 8
254 1
653 2
1134 7
1306 9
406 4
339 7
1992 3
72 4
1017 4
1238 1
808 9
1494 10
1551 2
640 2
158 5
1136 4
6 1
276 3
437 3
787 9
1236 5
776 8
226 6
1971 5
1472 9
1562 10
1887 3
76 7
232 1
326 5
607 1
1027 3
961 10
1858 8
1766 2
1884 2
1904 2
151 10
320 6
3 4
854 6
1212 7
190 3
897 4
1738 4
1390 10
1573 10
596 4
395 1
618 5
771 7
42 7
194 1
1476 1
1518 2
1521 8
1575 4
1667 1
412 7
634 1
833 4
952 8
528 9
568 5
111 10
592 5
726 2
1428 5
1109 3
518 6
659 3
197 1
1588 1
405 3
720 2
1760 7
96 5
954 9
1633 7
1810 3
1653 3
1860 8
370 10
1223 7
523 3
1597 5
949 10
2025 3
1191 3
91 10
1395 9
1624 10
798 4
928 2
461 3
960 2
1791 10
28 9
258 4
388 2
416 3
986 9
493 6
453 2
1381 2
262 1
1900 7
725 8
161 10
1001 6
1523 2
1055 8
77 5
445 3
800 4
666 10
38 1
1369 6
230 8
797 9
559 1
216 7
581 7
766 10
101 7
109 10
133 9
882 8
573 1
101 2
1589 8
1724 5
1829 6
1907 4
1968 10
2017 6
948 9
1328 10
817 10
1215 7
1165 5
1077 4
339 4
600 6
390 8
676 7
1851 7
1810 1
1841 5
1983 5
310 7
370 10
753 9
809 7
1153 2
1256 8
1452 3
500 4
2033 6
559 4
1168 9
1569 2
1995 8
1599 6
1750 6
748 3
471 9
651 3
458 6
478 6
991 3
1082 9
1676 1
1637 2
1910 10
105 7
651 10
294 9
563 3
180 6
879 2
2036 2
443 6
472 9
553 3
776 6
281 2
1423 3
1529 6
1392 7
103 5
301 5
1292 6
795 1
1429 6
269 9
1626 10
361 1
629 4
1949 9
732 3
555 5
1664 3
1876 6
1922 9
1263 4
1383 7
881 4
1374 4
82 6
172 5
341 10
496 4
837 5
1068 8
85 4
171 1
1353 6
704 1
286 7
996 1
129 10
809 9
220 9
1456 6
1487 4
157 9
336 4
393 10
1701 10
1714 4
881 9
1627 6
1766 5
381 7
989 1
1273 7
1156 5
208 2
366 10
1375 1
1750 1
1986 4
108 8
125 7
1578 4
943 3
227 6
1691 2
1914 9
224 4
404 7
471 10
724 1
859 7
1367 4
541 4
728 7
1544 10
1414 2
557 7
761 10
1372 1
1877 5
1085 3
1865 2
190 9
376 7
1081 3
1147 6
1008 10
1830 10
486 1
210 7
910 6
1064 10
1246 3
1228 2
1181 7
873 6
1290 1
271 10
1970 5
1440 2
1645 10
1621 10
477 10
1197 1
1614 5
1820 8
1849 9
1921 9
495 5
985 4
1958 10
1449 5
1804 7
99 6
1387 8
728 9
858 5
1551 2
207 10
1350 2
864 8
1960 8
240 5
883 8
900 1
768 1
1426 3
1974 3
1769 10
17 8
213 3
578 9
1367 7
677 10
644 4
712 5
1726 3
1828 2
909 10
1312 6
1450 9
1777 5
1710 8
896 8
1135 4
478 9
791 2
1546 3
1775 8
548 4
689 8
136 4
29 2
1759 6
1893 9
250 2
341 6
647 1
1466 2
361 4
1559 3
1380 8
1767 2
31 6
1104 9
1102 2
1053 1
220 10
407 8
352 7
475 6
181 2
1487 8
139 4
1339 10
161 8
1244 2
1956 4
1586 4
1840 3
1480 2
1594 10
716 1
997 6
1173 3
1364 7
1710 10
740 9
295 7
441 8
702 7
896 7
1065 2
1266 10
1549 2
1427 4
1970 7
730 1
901 7
1005 5
25 6
451 4
2028 3
1038 5
1102 10
1348 9
1826 9
367 5
583 6
670 7
967 2
1179 1
522 10
275 8
713 8
1615 8
1422 5
1625 6
188 1
565 7
755 7
937 7
714 9
419 7
443 4
953 7
1890 10
18 4
731 5
281 5
133 2
457 7
49 10
1060 4
1765 6
1838 8
173 8
1892 1
1293 3
1617 7
1763 4
1889 8
976 8
161 4
556 7
346 5
1404 2
1767 4
402 9
766 7
45 7
1156 2
1996 2
359 8
1722 5
1276 9
1977 1
1402 2
765 5
1232 3
323 2
187 3
1938 5
1436 7
1723 6
1553 2
1729 6
1410 6
1106 8
1530 8
493 10
1448 10
881 10
697 8
993 10
1784 7
567 10
501 10
994 6
115 2
581 9
1458 9
258 2
578 10
923 8
1406 6
849 3
696 3
954 10
1752 1
935 3
1839 6
1069 7
514 6
669 8
1006 9
704 10
976 1
41 7
1501 7
1994 1
339 8
1039 3
1579 3
1848 1
646 5
1506 2
771 8
1374 2
1871 6
1541 1
796 4
168 4
473 5
377 5
864 10
1220 4
42 1
1235 5
1787 8
551 3
950 7
93 9
947 4
4 1
492 4
1897 3
499 5
631 2
1067 4
1121 3
1786 10
1822 1
408 10
457 8
1477 7
1310 1
218 6
319 7
885 7
224 7
457 9
1030 5
1011 1
1157 9
1687 5
1772 4
526 9
1397 5
1137 7
1285 7
1887 7
787 7
1364 3
1738 6
1702 2
287 1
135 4
705 9
1315 3
460 1
1551 5
787 2
926 8
423 4
968 10
2015 3
510 5
1382 3
1774 6
22 5
190 10
1252 3
962 6
1393 4
991 5
1165 4
1932 6
519 8
1319 9
1343 5
1272 2
47 2
1297 3
1723 4
1739 7
1056 10
1162 1
1365 6
495 2
348 4
1955 8
2036 1
1437 9
453 6
255 5
1524 6
376 5
905 5
1196 1
648 7
818 7
1625 7
1600 10
1641 1
182 4
317 1
589 6
923 7
958 1
1278 3
106 3
160 8
1190 7
1547 10
284 1
1307 6
1754 10
1700 1
1639 8
59 8
1913 6
1259 10
1688 8
1702 5
1925 6
914 3
906 3
1165 9
288 2
469 7
779 10
1436 9
1436 9
1297 2
1405 7
26 5
52 8
1172 5
1084 3
1821 1
1429 9
724 2
1612 9
65 10
335 1
755 1
1649 2
2026 10
715 8
994 6
808 10
1116 8
336 3
643 3
1230 1
1378 2
1901 7
979 6
413 6
127 8
468 4
725 4
679 7
1859 5
492 9
377 2
961 5
1081 2
1114 5
1036 6
190 1
1169 5
127 1
549 7
1321 2
93 1
1915 10
2016 1
191 9
806 4
134 6
1672 9
1871 8
1005 5
567 8
1701 1
1929 6
34 6
1277 10
1281 10
784 7
296 7
335 6
746 3
360 1
1785 4
880 4
1407 10
499 8
1047 1
1976 1
445 2
772 10
829 7
1015 4
1380 5
1731 1
1499 7
1713 3
1934 4
84 4
1384 9
1477 2
1535 10
656 1
1611 4
448 1
551 3
897 2
1883 1
1508 5
1678 8
1095 2
1520 10
179 8
1358 3
1149 8
819 7
346 2
1592 10
135 1
371 6
977 4
96 3
867 1
1827 9
1903 5
149 7
896 7
41 9
206 6
5 5
1627 5
1999 7
1071 10
1204 6
1061 8
172 8
1644 6
112 7
203 8
1268 6
1985 7
144 8
1370 6
1959 7
143 2
325 8
526 9
628 4
168 9
841 7
383 4
227 7
885 7
1162 3
1271 1
1409 9
1948 3
1664 7
1660 9
584 10
1731 10
1196 7
798 4
474 7
1819 6
38 4
95 10
904 3
1909 4
1916 8
412 7
1607 2
1926 4
40 9
982 9
1314 2
1498 7
279 7
438 8
1944 1
1608 7
470 5
540 5
790 6
793 10
1084 8
1983 5
712 10
1722 10
476 5
529 8
648 1
783 3
67 9
228 8
960 5
1186 6
1256 9
1068 6
399 1
1980 3
624 3
704 6
1833 4
610 5
892 5
1387 2
763 6
1284 3
1592 9
13 5
20 3
24 2
194 2
726 10
1031 1
1304 7
683 5
1974 2
1695 4
77 6
478 5
936 1
471 3
1513 7
400 2
1022 8
58 5
151 4
1029 10
1700 1
1716 10
910 5
1791 7
1297 6
606 7
1536 7
1545 9
185 1
553 6
1985 9
767 1
1872 10
1079 8
1914 6
1001 8
1025 3
1335 9
473 1
539 7
580 3
660 7
920 6
1027 8
56 5
1639 3
1911 2
144 5
421 4
891 7
90 7
1480 10
1980 7
267 6
306 4
1015 4
1072 7
6 8
1892 2
322 5
34 6
743 1
1340 1
218 2
795 4
280 7
2013 2
884 6
1419 7
1450 2
1982 4
899 8
1831 4
1736 4
1572 1
1784 1
492 4
766 2
633 8
1633 1
1753 8
171 8
1244 7
1127 1
1102 2
1190 10
1787 3
410 7
543 2
659 6
798 1
852 6
975 1
1230 10
1391 2
1474 10
1570 4
834 7
386 5
390 5
860 5
1177 4
1859 3
1219 4
1721 9
525 3
564 6
1163 1
1273 5
1999 8
1889 6
49 2
1214 6
133 2
992 10
1758 7
586 1
1232 10
1188 3
12 9
224 4
514 1
778 7
1099 9
531 5
705 7
454 1
272 5
2030 5
195 7
587 6
689 2
117 4
1916 5
1941 4
337 9
1370 4
1389 8
926 3
674 6
714 3
1528 7
1124 8
406 10
1636 1
1671 5
1092 6
1731 4
157 7
910 9
1568 8
1736 8
55 4
176 2
187 2
224 10
609 4
877 3
1888 6
1568 6
1924 10
255 1
345 5
732 7
667 5
893 10
1867 6
482 3
135 1
1500 2
593 3
966 10
10 3
1333 10
744 2
1730 6
116 10
1879 5
475 1
761 9
956 8
354 8
1005 9
1814 4
250 6
1615 1
2046 2
2009 3
984 9
760 6
665 6
355 8
983 5
1049 4
360 4
547 6
1924 2
8 2
585 2
1461 7
316 9
132 8
1513 2
233 3
627 10
933 3
1449 7
1061 6
1084 7
1593 9
1661 1
1816 8
1835 1
488 4
571 6
595 10
726 9
986 5
1871 1
1492 2
621 5
1093 4
1156 1
629 3
1412 7
128 1
850 5
52 10
100 9
722 10
1228 10
102 1
876 6
1877 2
2022 9
401 1
991 2
1737 4
1860 3
577 3
1285 9
309 3
952 8
376 8
1954 6
213 3
436 10
988 3
1413 2
2035 3
816 3
1188 3
1648 3
1837 1
445 3
1876 10
348 7
1451 5
1260 1
1690 2
1685 7
645 1
653 6
1166 4
630 4
1655 3
1793 9
1321 9
684 6
594 10
1661 9
1904 6
1706 8
742 6
1710 3
114 5
111 3
646 3
1652 1
106 7
1468 7
1319 7
355 1
1498 2
991 10
1846 7
1095 2
941 8
105 3
837 8
1628 4
1991 1
1178 10
603 2
1062 4
1298 1
682 10
694 8
91 2
818 6
989 2
1730 10
1523 5
234 9
242 8
611 6
1340 2
1845 4
1886 1
1995 2
92 7
300 4
748 7
750 9
259 5
632 8
407 6
1857 9
1990 6
1233 1
936 3
1899 5
1451 10
522 4
1043 8
1340 8
895 9
1187 3
407 8
714 2
226 10
84 6
2032 1
250 7
1352 2
1107 7
1517 5
1579 9
461 9
804 1
1430 6
88 6
1223 9
1699 6
374 5
1617 2
1321 7
1982 1
55 3
319 3
414 6
993 3
835 7
1658 7
471 8
234 1
991 9
841 6
33 5
1267 7
4 4
964 9
1488 7
78 10
1050 7
1943 1
2008 3
1364 6
1762 7
1557 7
1829 8
700 9
1061 4
1648 6
1406 8
1695 3
351 6
513 9
1051 9
1157 5
1153 2
1056 2
134 9
1010 8
1685 8
1055 6
1735 7
1118 6
1265 8
1560 7
1559 10
1583 2
1597 9
1752 3
1991 4
2039 5
585 9
680 8
732 3
800 7
1241 7
460 1
961 8
1703 9
1865 8
66 7
436 6
769 5
1182 7
1450 10
261 8
1579 3
1856 3
489 4
1561 10
195 10
244 1
432 8
1470 7
1159 2
405 10
43 5
610 10
80 8
941 4
176 8
984 2
671 7
1149 6
631 1
377 9
762 5
1004 8
697 6
1092 8
841 8
1092 5
691 4
1725 5
1966 7
1615 1
1699 1
366 2
1095 10
2037 8
1715 5
1414 1
2043 6
23 4
1087 2
1091 4
134 2
362 9
1899 1
1615 4
1780 5
1896 3
891 6
933 5
1095 3
1283 7
776 1
1903 5
127 10
533 5
1864 7
547 8
1200 9
1374 10
1267 3
1064 6
1917 7
731 4
1096 4
1317 3
1470 9
346 6
1052 3
1884 6
175 3
1385 3
63 10
281 6
537 6
1165 9
1245 8
1432 10
267 3
216 2
1604 6
2011 1
479 6
551 7
1877 10
1393 2
1994 6
1059 9
2023 1
418 6
1122 6
543 1
706 7
922 5
1644 9
117 5
661 4
900 2
1100 9
1161 5
1381 2
1424 5
130 10
1333 2
303 3
207 1
360 5
864 6
1919 8
624 9
1799 3
1895 1
43 9
1406 2
522 4
1268 1
50 8
1948 6
134 10
1289 7
1169 3
2004 2
1889 7
1173 5
2027 7
919 10
1137 5
1303 9
254 8
1331 8
981 3
969 10
1030 1
493 10
1242 6
1529 7
1049 3
1659 1
2007 8
1270 9
1778 6
2027 4
936 4
966 7
1252 8
158 9
1330 10
357 6
871 5
967 1
1387 3
466 10
206 7
1532 10
873 2
1532 7
17 3
383 2
378 8
118 7
384 10
1199 5
1826 7
1535 10
1938 6
2008 1
528 10
756 5
1335 10
1832 4
392 8
1571 1
765 10
445 6
1799 10
80 6
122 2
490 10
1004 9
1304 8
1835 7
639 6
469 6
1083 2
1243 4
403 9
551 6
950 1
241 3
1199 3
580 8
615 9
957 4
767 7
750 3
102 5
1622 10
1803 3
941 1
1490 6
129 4
1489 8
836 10
1282 2
1359 2
38 1
277 10
1168 6
662 5
633 7
842 6
1480 4
2033 3
258 8
937 10
1876 7
156 6
258 8
299 7
1563 1
502 7
835 4
567 8
1267 6
1858 9
560 5
710 1
1477 1
1669 1
375 7
968 8
1078 9
1230 9
1339 10
1726 1
224 3
1580 10
1989 5
750 2
1008 10
1778 3
1205 1
358 2
1844 7
2011 3
1319 4
1341 4
517 3
75 4
23 3
1952 10
1776 9
739 7
1614 6
550 2
1125 10
128 3
144 9
552 2
601 2
497 10
804 4
1660 1
470 2
1049 6
1373 4
251 2
1904 6
1809 6
221 7
1672 5
327 2
784 4
1165 2
1272 9
1286 6
1413 3
1523 9
1535 3
584 1
1996 6
279 10
1753 3
1906 3
2005 8
1183 6
209 10
1573 10
1598 6
368 1
808 8
85 9
649 9
155 8
910 10
1747 8
1886 4
1929 5
1991 1
63 7
934 4
1275 2
1896 5
1532 2
59 10
1656 4
2018 9
800 8
60 7
1255 1
1718 10
1696 3
1906 6
1938 6
82 6
1161 4
1088 3
269 6
1163 7
889 6
592 6
830 8
1390 4
1856 2
283 2
1039 5
1034 5
1136 2
646 6
1282 8
792 2
806 7
1917 8
1196 9
1344 1
228 5
1355 8
1050 9
799 6
293 6
1992 7
1676 7
1013 9
1085 9
1327 5
1729 10
398 8
627 10
864 6
1059 9
1066 2
1824 2
363 4
1258 5
1868 7
296 3
975 6
998 6
1452 10
1466 9
12 1
164 7
400 9
1202 1
1499 9
46 1
1937 3
539 10
233 7
1007 10
832 7
1391 10
622 9
683 9
452 4
512 8
241 9
1908 9
1969 6
1976 2
167 4
558 6
299 9
28 7
265 8
534 4
248 9
1532 9
1347 5
1690 8
1580 6
1739 1
51 1
1931 9
272 5
542 10
992 2
1359 6
1040 1
1431 10
60 8
567 8
52 8
2037 5
880 5
1294 9
1962 8
605 2
17 4
107 7
372 2
1052 6
34 2
93 2
1146 7
1837 1
1879 5
1063 6
1925 7
54 4
1912 9
984 8
1845 4
1547 6
552 5
1844 3
1912 5
749 5
1131 10
1100 10
436 6
1087 2
463 4
1996 3
2042 8
590 10
1016 4
1674 4
810 10
1630 9
505 2
1460 2
476 8
1075 10
258 1
1777 4
2044 7
1181 8
1209 6
1461 7
1754 6
1091 4
235 10
1643 2
2003 6
50 3
118 5
958 2
1910 1
338 4
933 4
853 7
331 4
529 8
714 10
757 1
212 2
1825 9
1984 8
1450 4
542 4
1206 7
281 4
1760 2
2029 1
1134 5
291 9
1437 9
1289 5
863 4
1692 4
1873 4
1088 5
1379 5
1576 6
614 4
833 2
10 3
1540 1
1495 1
603 3
1542 4
1396 8
1684 1
394 1
1671 9
44 3
1707 10
1771 1
1870 3
252 7
887 3
968 10
1040 6
1401 7
1525 2
10 3
1021 4
1688 10
1731 6
1995 2
297 10
1854 2
174 6
741 5
1051 8
541 6
340 4
483 6
486 2
1106 10
420 6
1913 2
394 8
62 6
153 1
552 4
871 7
1110 5
337 1
1378 10
634 7
430 3
79 10
521 5
1567 10
1043 6
642 3
1062 4
1678 1
756 2
1987 4
1716 8
551 5
1348 10
1864 1
1635 2
16 8
239 8
1397 6
1431 7
702 3
1144 1
1804 1
56 5
1039 4
1365 10
1308 9
766 3
1230 1
294 9
1371 6
491 3
1454 5
1926 3
1041 3
1515 4
84 10
236 2
1147 3
822 10
1696 5
302 2
306 3
914 2
280 2
1917 6
990 7
2014 5
1017 6
1105 2
1606 9
359 5
215 8
356 1
554 8
420 4
271 4
344 3
415 1
1233 6
146 9
1095 5
668 7
87 1
160 4
252 7
819 4
1148 2
1255 6
1346 7
158 8
1478 1
983 2
1978 3
520 7
790 8
144 2
1988 2
1693 7
808 10
1624 2
440 4
1901 6
1896 8
506 5
708 9
865 7
1488 1
654 6
291 9
2004 4
203 6
285 2
301 2
1361 2
532 10
536 7
600 1
1812 3
32 10
88 5
434 10
1323 6
632 4
857 6
2043 5
1649 10
206 10
1082 9
1433 8
1078 8
1104 6
1473 3
385 2
880 3
326 3
665 9
897 2
1948 4
433 5
579 8
921 5
1431 1
1866 5
1201 7
1137 2
1792 2
43 4
1287 3
345 1
496 8
525 1
903 6
883 2
463 5
1608 2
1686 8
1953 5
985 5
1455 6
1550 9
677 3
696 4
209 7
558 9
1378 10
863 9
736 9
1829 1
1839 7
248 10
512 8
712 4
861 2
703 5
214 1
1654 9
1119 5
1689 8
94 4
542 8
556 9
910 5
1507 3
1530 6
1830 7
1937 7
1167 9
1322 5
1994 5
284 2
917 8
1438 2
1638 10
1771 10
285 5
871 2
1958 8
1747 7
1870 1
451 3
762 9
1925 8
463 8
789 4
207 6
1247 2
859 6
924 1
828 7
963 1
1765 10
513 6
253 5
1512 1
767 8
1148 1
1193 7
1346 3
1794 3
55 5
188 7
36 2
695 5
1646 9
206 6
777 9
220 5
183 5
323 1
594 8
987 7
1274 6
1509 3
559 9
261 1
1984 1
1772 8
116 10
1145 8
1172 6
725 8
1583 4
1071 5
208 9
191 2
828 5
3 5
201 6
1829 5
1907 1
1169 6
1526 7
135 6
685 3
872 10
927 10
1557 1
513 9
1307 4
467 2
1183 2
1458 9
323 3
259 4
1577 1
1723 6
950 4
1499 1
1510 9
783 7
462 5
1124 9
1115 2
1686 3
561 4
766 5
826 9
393 4
1924 5
1883 9
1458 7
882 5
815 6
1366 3
1963 8
1 1
361 10
568 4
1801 7
142 4
474 8
641 1
1948 1
848 4
394 9
1893 6
1341 1
294 1
1265 10
1983 2
24 8
382 1
461 5
1959 5
581 4
465 2
1859 9
97 6
332 3
358 10
447 7
684 10
1026 6
1572 1
193 1
1990 2
376 6
1781 4
1834 9
1954 7
183 10
870 8
943 3
1184 10
655 8
1929 2
1219 7
1328 8
1616 9
1488 5
180 4
1916 7
575 1
1692 9
1833 10
2029 2
245 9
582 10
1024 9
1444 9
1578 5
1690 3
708 10
1761 5
1949 5
499 8
716 4
1316 2
1063 3
1998 3
1077 8
1842 3
1969 4
435 10
743 9
1079 1
1087 10
1188 10
1606 4
1934 9
1905 7
1122 8
1706 1
1800 2
1730 7
645 4
1807 1
336 6
1361 1
252 1
246 1
2043 1
1589 7
80 2
1960 6
2018 3
323 6
711 10
726 9
1061 3
1451 8
1247 9
691 9
266 7
1622 1
145 6
528 4
619 5
623 5
1195 4
712 1
1681 1
851 2
4 5
974 5
382 1
1921 3
503 2
1013 7
1101 5
1679 1
1149 10
538 8
2024 3
169 2
240 6
638 6
865 7
1307 5
1937 10
2041 6
80 2
509 6
872 7
2021 9
950 2
1112 3
1306 6
1615 1
1155 5
531 5
457 7
476 2
683 3
1508 7
143 4
1531 8
359 5
874 10
1178 9
1643 8
1662 3
186 9
2036 8
451 6
506 8
661 4
1421 5
1761 3
301 3
72 3
403 5
1860 6
74 10
1093 1
1617 10
1434 8
2036 10
144 10
174 10
621 2
1027 3
1647 8
372 2
630 1
940 4
24 6
205 10
391 3
437 9
657 1
708 8
981 2
1508 2
1672 3
1597 8
1849 8
1768 10
432 4
575 8
633 4
942 3
1373 2
549 8
509 6
1769 2
876 8
1613 4
1671 9
701 10
1228 1
741 7
430 10
498 7
667 5
889 5
986 1
1309 7
602 1
1634 7
1962 1
1167 7
25 7
294 1
850 10
1699 10
745 3
1467 4
1530 3
1799 3
527 3
911 10
1129 1
1628 5
34 8
1584 3
417 5
1904 2
365 3
1125 7
478 8
391 2
1941 1
1796 2
1821 2
34 1
696 9
1133 9
65 8
37 8
1800 1
626 8
408 1
1524 6
1695 10
1540 1
461 5
623 8
426 9
1700 5
1939 4
1962 3
47 5
717 9
823 9
1433 1
1469 1
1699 5
602 9
8 4
255 1
594 5
857 5
1371 10
1445 1
808 1
2032 1
1952 9
466 7
802 6
1247 4
1423 2
680 2
1434 5
61 1
106 7
119 5
270 1
1146 10
1533 9
1817 4
371 9
589 6
626 2
547 9
659 4
988 4
1161 7
1278 6
134 10
454 4
1787 1
445 4
1996 10
269 9
977 10
1835 2
1240 8
107 4
86 1
382 1
1511 8
1889 10
1674 1
1067 2
1784 9
2039 8
959 10
1616 10
1204 7
1128 9
673 10
570 10
618 9
651 9
1998 5
1721 8
415 3
21 6
127 3
1058 5
610 10
1827 2
745 9
1908 5
1113 2
1384 8
1392 10
1324 5
1511 3
395 2
738 9
825 8
1044 4
1145 3
1266 4
4 6
552 5
182 6
492 2
1143 6
664 1
296 7
874 3
69 1
1449 3
1179 8
195 1
1958 10
2004 2
57 8
722 1
1371 4
1262 10
973 4
362 4
1869 10
1979 1
605 2
1097 2
1541 5
411 5
693 3
123 1
834 9
1469 10
718 3
1090 4
1623 8
759 4
250 5
1220 7
928 8
1792 7
1584 10
53 2
871 7
222 5
673 9
1198 9
1164 8
846 5
805 10
1136 4
1161 6
370 4
968 5
615 5
1751 4
305 6
560 6
1481 9
1708 8
1105 8
627 7
87 3
871 1
1091 1
1462 10
176 1
1403 5
293 10
1164 1
1162 1
1405 6
1428 4
1660 6
526 2
1355 5
1211 8
1046 10
1770 6
151 10
1540 5
1078 5
1096 9
184 1
181 7
695 4
821 4
857 8
1176 4
1383 3
1573 1
835 7
498 10
141 7
196 8
234 2
359 2
467 9
519 8
606 8
478 1
375 2
528 9
376 1
794 6
1989 6
2014 8
42 9
427 9
1406 6
1590 10
319 4
1175 5
1862 7
248 4
817 5
1494 6
1517 10
1675 7
1030 8
2046 5
1819 7
1937 5
629 3
694 3
1449 1
1489 4
1617 6
1458 10
673 2
396 6
673 10
707 2
533 2
1000 9
1207 8
247 1
300 3
970 2
1204 8
1205 3
417 5
1147 9
172 4
1745 8
1099 7
40 9
224 4
1954 10
1882 8
320 10
467 6
827 1
1009 9
1532 7
325 6
1939 2
1811 2
452 10
1205 8
1298 2
1477 4
1489 8
1796 1
1226 5
812 9
1504 4
709 5
1881 10
470 6
1423 6
1338 4
803 7
222 6
106 5
1854 9
689 9
1251 8
1598 1
1807 7
1428 7
1769 10
1983 7
268 5
1037 5
1202 6
967 7
1303 9
51 3
171 2
857 7
122 2
1078 2
1932 4
649 4
746 8
1159 6
519 8
3 3
1062 5
217 3
933 9
1021 6
706 6
1323 5
1854 2
1023 9
1202 9
1882 1
169 10
1776 2
317 5
640 1
893 9
1211 9
1885 1
884 8
1733 8
1040 7
2033 2
559 5
1924 2
465 5
1095 1
444 1
598 10
612 1
677 2
678 8
1582 8
1957 6
1649 7
393 4
265 4
709 9
1283 1
2029 4
565 10
1843 5
1927 7
898 8
1276 7
399 7
798 6
311 7
626 8
1372 1
331 8
1359 6
972 9
1060 4
1720 4
164 2
114 9
1924 3
506 2
816 4
1158 3
1532 3
1410 1
973 5
1911 8
5 2
717 9
997 4
1053 3
1179 3
1478 8
1579 3
923 5
402 3
972 2
1130 4
1433 10
1608 6
1079 9
1825 8
1289 9
150 4
588 5
1121 4
202 4
14 2
928 5
1920 1
1846 7
2042 9
297 10
108 1
819 7
349 7
953 3
300 3
1249 9
1483 7
1173 10
126 4
916 8
1104 2
375 10
320 2
2021 6
1386 6
921 7
365 8
1611 2
508 8
1345 7
1672 5
1687 3
1067 3
768 8
667 5
1253 7
1529 7
116 7
305 1
403 5
1913 8
278 5
284 6
349 8
1156 10
1401 4
1007 9
1860 8
35 8
908 7
818 9
1888 1
124 1
1652 10
1089 6
823 5
1400 6
1820 2
1836 4
63 1
1371 5
1336 2
1976 3
192 10
1201 7
844 8
1387 2
1402 4
1194 7
435 9
1690 10
857 6
252 3
674 10
1739 10
1382 10
1691 2
954 9
1724 6
1803 2
1065 1
799 7
807 1
896 5
1211 6
1616 1
1649 10
1276 8
881 5
56 5
379 6
1030 6
499 8
1655 8
1421 4
763 4
109 6
294 9
963 8
147 7
163 6
463 5
495 1
1115 3
1426 6
569 9
1774 9
1774 9
752 2
1018 8
1024 1
1983 7
1385 8
1951 7
1195 7
1744 2
1575 9
84 3
1214 6
1384 5
1607 4
938 4
1007 3
721 1
1574 3
876 6
1557 6
2023 7
271 3
1246 9
107 8
1841 8
2021 3
410 4
926 6
956 1
1009 1
1881 7
1542 5
211 4
1669 4
727 4
142 2
146 2
171 2
1267 3
1043 10
1063 8
511 7
861 6
941 7
1088 7
469 6
671 2
110 4
1970 6
1408 7
1478 1
1706 9
854 7
235 4
936 6
1217 4
1447 4
153 10
1109 7
487 9
1047 10
1418 10
72 2
829 4
917 10
1943 5
1071 2
1704 1
1479 3
1416 8
2021 2
184 10
337 5
1065 5
1868 4
1927 5
1135 6
1998 5
1202 8
1061 3
938 1
225 4
608 1
980 6
421 9
1319 6
617 10
368 5
2017 10
175 8
828 5
535 2
1349 10
1469 7
1866 2
1289 8
1717 7
1986 10
1641 2
2012 7
191 4
406 4
838 8
1509 9
336 4
483 10
1869 2
1175 2
1653 3
1003 4
312 6
1862 1
2017 2
440 7
909 10
937 8
1168 6
1874 1
956 6
533 4
673 8
832 10
906 9
936 1
1697 2
1736 1
1244 6
107 7
817 10
189 7
536 3
93 4
220 1
374 5
1022 4
755 5
1978 5
455 2
1552 3
1563 10
1945 8
1273 6
1695 3
193 4
1698 1
991 2
1674 2
929 3
124 2
665 10
779 6
1127 10
1280 8
1665 7
1078 10
1084 6
178 2
1002 1
1139 4
604 1
1182 6
2041 6
727 10
1770 2
1567 3
1247 10
189 1
281 2
736 4
1380 7
1625 1
2024 9
113 5
351 8
625 4
983 10
688 10
1873 10
1284 1
546 4
1244 10
18 2
1675 1
1739 7
36 8
421 6
1081 2
1279 5
568 1
768 9
40 6
1166 1
1244 2
1578 6
831 10
1272 10
2028 4
2043 2
18 7
230 8
689 9
1346 3
1169 6
9 7
1276 8
1357 1
1904 10
1934 5
443 7
589 1
637 10
139 10
1735 2
709 6
172 10
1637 3
781 4
782 2
864 8
874 8
1082 1
802 9
1163 4
1855 8
2008 5
831 3
1070 5
1495 4
1056 4
1280 7
725 4
745 4
1106 4
75 2
599 5
2044 1
985 6
1253 2
141 4
1037 4
1499 8
1936 7
268 9
1057 7
1108 4
1703 4
1199 6
1828 7
1315 9
1235 4
235 4
286 10
349 5
719 2
1103 2
1459 6
1730 7
1074 3
1317 10
1280 3
552 3
661 8
747 8
837 4
1765 2
177 4
1379 8
383 9
524 9
1239 10
1437 1
1697 2
672 1
3 8
304 5
540 2
1418 1
1138 3
253 8
1937 4
1955 1
135 10
303 4
523 1
878 3
1069 1
1142 6
829 4
947 6
77 1
136 9
212 8
382 8
431 6
1591 2
671 5
79 8
1880 3
999 8
1139 5
1754 8
1154 4
783 10
1308 6
1610 9
244 4
680 6
899 5
1395 9
1561 7
1072 2
1196 1
40 10
1978 5
1709 2
749 3
785 8
1453 9
1817 7
638 7
1218 2
1383 2
34 4
714 4
808 5
1171 7
1195 7
1645 1
1529 8
1355 6
1657 5
1376 10
1648 7
1927 1
609 10
1902 5
118 1
411 4
470 6
1200 8
1477 4
1058 4
1971 7
513 10
181 3
597 8
1562 4
969 8
975 5
121 8
233 7
1465 4
1671 10
306 5
174 10
462 8
1117 8
1162 3
1669 9
1892 4
1705 2
19 2
1499 1
1564 7
1291 3
636 8
735 3
202 2
190 1
1765 4
2024 9
214 4
286 4
649 3
1038 9
1182 7
1507 1
1068 8
1602 1
960 6
1856 8
876 9
76 1
1400 8
590 8
716 6
178 10
264 9
1411 6
1645 7
746 1
1972 5
422 7
857 5
1391 3
753 6
440 5
21 9
532 2
993 9
1357 5
1944 1
1779 8
1673 3
540 2
912 6
1903 1
638 2
1920 4
1748 5
1124 2
1160 6
1574 7
1249 6
472 7
1604 3
623 2
1234 8
1518 4
1603 4
929 3
60 4
641 4
1140 5
1514 7
1756 7
1130 1
188 4
1017 5
165 7
814 6
929 3
939 9
1206 8
405 2
45 10
2040 6
538 4
574 7
658 3
1413 1
789 10
951 7
255 6
256 7
189 6
216 7
257 3
940 3
1015 9
1690 8
1242 10
1379 9
1906 1
128 9
121 10
1156 8
160 6
1258 5
1294 4
1316 9
1357 7
993 3
285 2
825 8
1018 1
1099 1
1113 8
916 7
194 4
2014 4
281 6
611 6
736 10
962 6
688 6
1034 1
1618 2
1738 9
1743 2
137 7
607 1
971 10
1 2
1210 1
1813 8
2012 9
99 5
867 4
1017 2
1213 9
1535 3
1586 2
1837 8
535 3
1190 6
322 8
32 1
1519 9
953 8
2026 10
139 10
888 7
912 1
979 8
1336 8
252 8
1571 9
1872 5
26 5
671 9
745 1
1115 6
1441 5
1481 3
563 5
1668 9
2030 4
452 8
516 4
614 1
1504 3
1763 8
1346 8
1687 6
88 4
1959 8
763 3
480 2
852 7
771 10
117 5
1166 2
1272 3
1794 1
1908 4
1729 7
974 2
779 3
346 3
734 2
1190 4
406 4
80 4
1894 2
2013 8
910 2
1168 10
1624 1
819 3
1543 7
1048 2
1533 8
900 5
1375 2
800 6
2 4
1641 5
1791 2
716 1
940 6
679 2
1492 6
1885 1
921 2
1919 5
1227 1
1591 7
1788 4
122 3
94 10
475 9
934 7
1793 2
25 10
1983 5
733 5
1714 10
610 6
649 10
791 6
1197 1
1649 1
174 3
1616 3
1969 8
352 4
1414 6
1500 1
499 8
1444 8
509 2
669 4
730 1
760 2
1258 10
1471 10
1858 5
1287 1
1805 10
1098 10
385 9
1613 4
28 10
516 5
617 8
1066 4
1121 7
1795 1
2003 3
1036 4
143 4
872 5
2000 6
1948 6
1507 10
1570 7
1366 6
422 7
879 1
1375 5
1548 10
1503 2
1909 5
67 3
130 9
157 5
1277 6
672 3
359 6
803 9
1494 5
606 10
1602 5
1885 8
120 9
687 1
793 8
1824 3
323 5
691 2
1737 10
1780 7
1886 9
178 9
798 7
328 1
1261 10
1734 8
1744 1
1054 9
904 1
1057 6
1451 1
1663 9
740 2
433 6
35 5
820 6
1545 6
1336 2
1150 7
513 6
1229 10
1745 1
1867 1
794 2
199 3
1879 8
449 7
1518 1
1881 9
1145 6
1582 4
899 3
1335 3
1013 1
1422 7
1952 9
890 9
1490 6
1764 1
586 1
116 2
1318 10
1958 7
486 5
1482 6
1554 7
1706 10
1327 9
1401 8
221 10
229 8
265 7
1399 10
892 5
204 8
884 10
1012 7
641 6
136 7
2002 10
2006 3
129 1
1401 1
1475 2
1160 7
171 2
91 6
1834 4
1386 9
1186 8
1666 6
103 10
80 4
550 4
1863 2
448 3
176 9
1023 2
1552 1
675 2
1583 5
160 2
851 5
1542 3
1635 8
1227 8
694 3
1417 3
2014 10
964 10
1973 2
688 4
848 2
1077 7
249 6
928 7
269 9
343 7
1216 7
1520 5
1542 1
1943 10
313 3
431 7
421 8
998 10
1351 7
887 8
94 3
328 7
1440 7
1635 6
284 1
1106 6
185 8
238 8
553 8
1830 5
1050 4
900 1
754 6
955 4
1226 3
1543 5
818 7
149 1
1453 5
1842 1
1012 6
1148 5
1337 2
1511 6
1578 6
1810 10
486 5
46 2
1696 2
267 10
869 5
911 7
1033 6
1270 2
1286 5
1674 7
531 6
598 3
69 2
554 6
1223 3
1579 3
1849 1
1033 6
1584 6
1129 10
1657 1
1355 4
514 9
581 10
1709 5
1862 4
1125 5
2047 9
1595 9
138 10
244 2
1460 4
1877 5
25 1
396 2
634 3
964 5
1609 1
170 3
455 9
1361 10
132 1
501 3
507 3
1752 8
175 7
118 10
1473 2
185 4
1603 9
753 5
422 6
1604 5
387 4
1434 6
1620 2
110 6
588 10
722 6
1762 8
11 7
332 3
829 9
906 7
919 8
1056 9
1130 10
1472 6
1373 9
1327 6
380 2
509 10
791 2
1259 2
1443 10
191 1
1460 8
1486 5
1671 7
1945 4
1326 3
2029 3
1629 6
1587 8
1544 7
420 2
1041 3
799 5
116 10
182 6
669 7
1552 8
448 9
91 5
1867 5
96 1
1756 1
1843 4
532 8
957 2
775 8
1680 3
1113 6
900 4
1379 9
2023 8
735 6
1111 9
1366 9
936 6
266 9
1032 7
822 10
452 4
1011 6
1055 9
1301 7
1663 5
1746 2
1497 2
1751 3
1490 10
349 1
11 10
88 9
688 1
1603 7
1650 8
61 9
1932 3
1434 6
542 1
839 8
993 9
1627 3
459 10
1460 4
711 6
1196 3
1788 5
1830 1
699 9
1748 7
665 5
200 1
2022 8
573 3
778 4
936 8
1258 1
338 8
1119 8
438 1
745 1
1167 4
1445 6
1582 5
1670 2
900 7
527 4
994 5
500 8
1022 8
11 9
215 8
560 1
646 2
890 3
554 10
733 10
2015 1
1598 9
16 4
1144 4
1925 3
882 4
1741 4
41 7
1427 6
132 1
699 9
1050 2
77 8
662 3
198 10
447 1
841 8
1320 2
1674 9
1449 4
1810 5
851 1
407 9
960 3
1022 9
1177 3
341 6
449 8
247 1
146 8
578 5
854 10
919 2
1252 6
781 7
1816 7
1116 2
565 3
1163 2
1593 3
1648 7
1682 10
1822 4
528 9
1730 5
285 6
536 1
1405 5
1561 6
2016 4
1584 6
2008 2
2 8
1311 10
1735 2
612 4
846 1
1699 4
861 10
902 9
1312 4
66 9
112 10
1256 3
686 7
1289 10
1697 1
1486 4
596 2
231 5
1170 8
984 2
1132 2
1899 10
1786 5
1528 1
844 9
1115 10
1999 3
119 3
253 7
1461 1
1841 1
901 5
178 6
1202 10
630 4
635 5
1799 8
1916 4
1199 1
637 10
1109 5
2025 8
265 3
283 5
283 1
1264 3
1215 10
292 8
58 3
760 8
251 6
890 3
1995 2
952 10
1458 3
1666 1
1875 6
1640 4
992 2
1553 6
2047 7
987 5
1366 9
1672 5
56 7
440 1
2000 5
1961 3
58 7
69 3
211 6
813 7
822 8
510 9
106 1
1281 3
347 7
1318 6
933 10
287 1
1775 7
152 8
696 6
995 8
1575 10
1965 1
1887 9
1701 9
636 5
502 6
843 8
2002 10
1643 5
544 3
563 5
1505 6
1734 10
1328 8
1669 7
53 3
60 9
307 9
1083 4
1429 8
767 2
1822 1
943 9
504 9
534 7
785 5
1390 4
58 8
152 9
752 2
1027 6
1747 6
608 1
134 6
101 6
2027 3
112 8
453 8
824 6
1380 10
1649 8
1888 7
1713 10
13 5
1668 5
396 10
1860 8
1456 7
602 6
825 6
1677 6
1381 8
692 5
1064 8
353 7
1118 6
1949 3
497 8
480 10
607 4
819 7
1601 8
1693 1
1699 3
975 7
685 7
221 8
1277 9
1664 8
797 10
370 9
0 8
1116 7
816 8
1038 4
1262 9
1952 1
783 8
1314 4
57 2
782 4
1540 7
735 10
636 2
1143 5
697 8
573 1
650 2
1054 8
789 10
894 1
1095 1
1355 10
1969 4
1138 10
938 1
1968 4
1595 6
1105 9
1673 4
1870 8
1043 3
1164 4
1378 5
308 2
1393 7
1783 6
1005 3
226 9
1335 5
1831 7
646 1
1989 1
347 1
210 2
608 4
1172 5
1299 2
1839 5
153 1
989 4
988 8
392 9
1897 2
149 9
50 2
156 3
1382 3
1467 2
806 3
1128 1
751 5
326 10
928 9
326 1
497 6
369 6
756 3
1766 3
1595 2
1314 1
1448 1
257 10
112 5
565 3
815 7
849 8
1029 6
1404 1
1330 8
171 6
266 9
109 10
367 6
637 9
1798 5
1826 5
1633 3
628 1
1981 10
943 2
1104 3
1145 6
66 3
1990 3
1714 1
1309 9
960 7
1464 3
1474 7
383 5
1978 10
233 7
493 9
344 10
251 8
490 5
1477 4
767 5
1525 1
167 10
492 4
719 3
1462 5
1739 7
1775 7
1869 5
1357 5
1226 1
1667 2
34 5
916 7
1018 9
1655 1
2047 7
315 5
389 9
1610 8
268 6
490 9
844 5
1456 7
1471 9
1016 1
548 10
211 1
756 7
1792 10
1372 4
1038 3
344 7
1114 6
1183 9
1232 1
1623 4
1051 6
2016 1
350 7
1072 1
1634 2
107 10
262 9
620 6
179 8
1971 1
1728 6
1573 5
81 6
221 9
465 4
740 10
827 3
1669 2
1979 3
1306 3
190 9
1519 6
1515 1
862 1
1582 1
1532 4
287 2
606 8
751 1
1589 7
1199 5
734 1
215 1
1332 3
58 1
249 7
1112 1
1120 3
2046 5
577 10
1126 6
1549 6
1648 5
193 8
1412 1
445 2
934 10
1261 2
1359 8
1618 2
360 2
1947 2
924 5
1518 2
949 6
1403 2
1579 6
1704 10
103 7
1605 3
1144 1
1014 4
549 3
199 7
430 8
1155 6
1673 3
1708 5
192 4
1788 5
236 7
1306 7
835 7
1482 8
1943 3
1454 7
68 4
1166 7
288 6
1875 6
1949 5
272 8
111 2
135 3
266 1
437 1
944 5
205 6
1202 6
1953 10
863 9
567 3
1891 10
108 7
152 5
295 5
558 3
1874 3
1608 6
842 2
324 10
3 8
932 5
1219 1
1554 2
1636 4
555 5
1713 2
212 6
1579 8
395 8
731 8
1258 8
486 4
243 1
1891 3
2045 5
1557 8
1317 6
1162 2
1561 1
1528 3
1813 5
1938 2
66 8
1496 3
806 5
60 7
87 4
563 7
1135 8
1270 4
871 2
610 8
1574 3
172 10
739 8
1547 1
915 10
1792 7
1855 9
810 5
186 7
484 9
1476 2
551 10
800 2
1863 8
289 8
1852 4
1897 10
1728 8
919 8
1629 5
436 7
643 7
1253 3
1931 1
1425 3
675 6
1030 9
524 8
1224 8
1938 4
1987 1
1443 1
347 6
682 8
1204 9
1331 5
1138 10
1794 2
1790 10
1355 6
103 5
508 6
759 8
1677 3
1324 1
898 5
1583 9
329 2
281 8
801 8
877 7
8 6
485 4
27 10
318 9
924 6
1131 9
955 10
805 3
1683 9
1759 6
339 9
1779 3
1787 2
1002 10
2042 1
668 7
1503 9
1927 8
1126 4
1549 1
1921 8
303 9
1778 7
19 5
562 6
733 5
968 7
1208 1
1681 3
1804 9
307 7
1836 9
301 3
1348 3
226 8
448 6
1945 8
99 9
662 5
1326 4
1438 10
69 8
1857 10
895 4
1557 4
1554 7
114 9
1957 3
725 7
1235 9
1809 4
1394 3
1148 10
540 8
257 3
870 3
1127 3
1748 4
1916 3
356 7
1671 2
1611 1
443 1
1485 5
356 2
1859 4
744 5
286 1
437 2
1137 5
1249 8
1303 3
1701 1
1522 1
346 3
395 7
1206 2
1570 3
1358 6
1745 2
873 8
333 10
811 1
985 9
894 9
107 3
353 5
486 10
973 7
1506 3
793 6
918 5
746 9
1429 1
1688 10
1686 8
1362 2
1107 10
107 5
1541 8
307 1
460 1
939 3
1600 5
1070 6
1189 6
478 10
312 1
306 6
573 2
489 1
883 2
1706 8
1532 5
51 1
468 8
1213 1
1847 6
190 4
544 6
126 8
3 10
1802 6
408 8
1682 6
381 7
765 6
1177 3
1756 9
395 5
1605 8
24 7
2021 1
511 10
1011 3
1285 7
1638 5
1676 1
1809 2
1541 6
445 4
206 3
544 6
1815 1
1030 5
1180 4
1607 7
968 9
779 3
977 10
210 2
2006 5
1237 10
385 4
773 10
1730 5
1993 5
1495 2
31 10
684 2
1908 9
1984 7
1094 10
1948 7
745 6
