1024
0 11
11 4
15 7
22 7
29 6
35 11
46 7
53 5
58 7
65 9
74 2
76 7
83 7
90 6
96 5
101 5
106 9
115 8
123 6
129 9
138 9
147 9
156 7
163 8
171 16
187 3
190 7
197 3
200 8
208 6
214 11
225 4
229 10
239 5
244 6
250 7
257 6
263 7
270 5
275 7
282 4
286 3
289 9
298 7
305 5
310 4
314 5
319 5
324 8
332 4
336 6
342 8
350 9
359 3
362 6
368 5
373 8
381 4
385 7
392 4
396 7
403 8
411 8
419 3
422 2
424 3
427 6
433 10
443 5
448 6
454 6
460 3
463 7
470 11
481 5
486 4
490 7
497 5
502 6
508 6
514 6
520 7
527 4
531 7
538 6
544 8
552 6
558 2
560 8
568 5
573 7
580 5
585 8
593 7
600 5
605 5
610 5
615 6
621 5
626 5
631 9
640 2
642 9
651 5
656 7
663 10
673 5
678 6
684 6
690 6
696 6
702 8
710 9
719 8
727 7
734 6
740 4
744 12
756 4
760 2
762 6
768 4
772 6
778 3
781 7
788 5
793 7
800 8
808 7
815 8
823 4
827 7
834 6
840 4
844 8
852 6
858 2
860 8
868 8
876 9
885 5
890 5
895 6
901 6
907 7
914 5
919 6
925 8
933 4
937 3
940 6
946 8
954 4
958 4
962 9
971 4
975 7
982 5
987 6
993 7
1000 7
1007 7
1014 5
1019 7
1026 3
1029 5
1034 6
1040 5
1045 5
1050 2
1052 4
1056 7
1063 7
1070 6
1076 4
1080 6
1086 6
1092 6
1098 6
1104 4
1108 6
1114 9
1123 6
1129 5
1134 4
1138 5
1143 3
1146 4
1150 4
1154 7
1161 4
1165 6
1171 7
1178 6
1184 8
1192 8
1200 4
1204 8
1212 6
1218 3
1221 4
1225 4
1229 8
1237 7
1244 4
1248 4
1252 8
1260 4
1264 4
1268 3
1271 6
1277 5
1282 8
1290 6
1296 5
1301 5
1306 4
1310 5
1315 11
1326 5
1331 6
1337 4
1341 7
1348 4
1352 5
1357 9
1366 6
1372 6
1378 4
1382 6
1388 6
1394 4
1398 5
1403 9
1412 6
1418 5
1423 3
1426 6
1432 5
1437 8
1445 8
1453 9
1462 7
1469 6
1475 5
1480 4
1484 7
1491 4
1495 6
1501 5
1506 4
1510 7
1517 9
1526 8
1534 8
1542 4
1546 6
1552 6
1558 8
1566 6
1572 8
1580 6
1586 6
1592 7
1599 8
1607 4
1611 4
1615 5
1620 8
1628 7
1635 5
1640 5
1645 8
1653 3
1656 4
1660 5
1665 8
1673 5
1678 5
1683 8
1691 8
1699 6
1705 8
1713 5
1718 9
1727 9
1736 8
1744 5
1749 4
1753 7
1760 4
1764 10
1774 3
1777 7
1784 4
1788 8
1796 7
1803 9
1812 5
1817 5
1822 6
1828 6
1834 7
1841 5
1846 7
1853 6
1859 4
1863 4
1867 7
1874 5
1879 3
1882 6
1888 7
1895 8
1903 3
1906 9
1915 7
1922 6
1928 6
1934 8
1942 8
1950 3
1953 3
1956 9
1965 6
1971 5
1976 6
1982 6
1988 4
1992 8
2000 6
2006 6
2012 8
2020 5
2025 3
2028 5
2033 5
2038 5
2043 3
2046 6
2052 6
2058 4
2062 4
2066 12
2078 5
2083 6
2089 7
2096 8
2104 10
2114 6
2120 5
2125 7
2132 8
2140 7
2147 8
2155 8
2163 5
2168 8
2176 5
2181 5
2186 7
2193 3
2196 5
2201 7
2208 6
2214 5
2219 9
2228 5
2233 3
2236 6
2242 6
2248 7
2255 7
2262 5
2267 7
2274 6
2280 6
2286 7
2293 4
2297 6
2303 5
2308 5
2313 7
2320 2
2322 6
2328 4
2332 3
2335 7
2342 3
2345 5
2350 4
2354 5
2359 3
2362 13
2375 5
2380 7
2387 7
2394 3
2397 6
2403 4
2407 6
2413 4
2417 9
2426 6
2432 7
2439 4
2443 4
2447 4
2451 5
2456 4
2460 6
2466 2
2468 6
2474 6
2480 6
2486 6
2492 5
2497 8
2505 6
2511 8
2519 8
2527 3
2530 5
2535 8
2543 5
2548 2
2550 6
2556 6
2562 5
2567 4
2571 4
2575 6
2581 4
2585 4
2589 9
2598 5
2603 8
2611 7
2618 8
2626 3
2629 8
2637 5
2642 5
2647 10
2657 6
2663 4
2667 3
2670 5
2675 7
2682 6
2688 7
2695 7
2702 8
2710 2
2712 8
2720 7
2727 6
2733 6
2739 7
2746 8
2754 7
2761 8
2769 4
2773 3
2776 5
2781 3
2784 3
2787 7
2794 3
2797 6
2803 7
2810 5
2815 5
2820 4
2824 7
2831 4
2835 5
2840 7
2847 6
2853 5
2858 10
2868 6
2874 7
2881 5
2886 5
2891 6
2897 7
2904 6
2910 7
2917 9
2926 6
2932 7
2939 5
2944 4
2948 4
2952 4
2956 4
2960 5
2965 7
2972 6
2978 6
2984 5
2989 7
2996 5
3001 7
3008 8
3016 5
3021 6
3027 4
3031 7
3038 4
3042 8
3050 7
3057 5
3062 7
3069 6
3075 8
3083 4
3087 6
3093 6
3099 7
3106 7
3113 8
3121 5
3126 7
3133 6
3139 7
3146 6
3152 7
3159 7
3166 8
3174 5
3179 5
3184 7
3191 6
3197 4
3201 5
3206 6
3212 9
3221 6
3227 6
3233 6
3239 5
3244 7
3251 8
3259 5
3264 9
3273 8
3281 7
3288 7
3295 5
3300 10
3310 8
3318 4
3322 7
3329 6
3335 2
3337 6
3343 6
3349 9
3358 9
3367 5
3372 6
3378 5
3383 8
3391 5
3396 6
3402 8
3410 6
3416 9
3425 8
3433 4
3437 6
3443 6
3449 6
3455 6
3461 4
3465 3
3468 11
3479 5
3484 5
3489 5
3494 8
3502 4
3506 6
3512 12
3524 7
3531 5
3536 5
3541 7
3548 5
3553 8
3561 8
3569 4
3573 9
3582 7
3589 3
3592 11
3603 6
3609 2
3611 9
3620 5
3625 5
3630 7
3637 5
3642 4
3646 9
3655 3
3658 6
3664 11
3675 7
3682 8
3690 6
3696 7
3703 6
3709 6
3715 5
3720 3
3723 5
3728 7
3735 4
3739 7
3746 6
3752 5
3757 8
3765 8
3773 5
3778 2
3780 8
3788 6
3794 8
3802 5
3807 4
3811 7
3818 6
3824 5
3829 7
3836 6
3842 7
3849 3
3852 9
3861 10
3871 3
3874 3
3877 8
3885 7
3892 5
3897 5
3902 7
3909 8
3917 6
3923 8
3931 4
3935 5
3940 5
3945 5
3950 5
3955 5
3960 6
3966 6
3972 6
3978 10
3988 5
3993 3
3996 7
4003 9
4012 6
4018 7
4025 7
4032 5
4037 6
4043 9
4052 4
4056 6
4062 6
4068 8
4076 7
4083 9
4092 4
4096 9
4105 8
4113 6
4119 5
4124 6
4130 9
4139 8
4147 6
4153 9
4162 6
4168 6
4174 6
4180 10
4190 4
4194 7
4201 5
4206 3
4209 9
4218 5
4223 7
4230 8
4238 6
4244 7
4251 3
4254 5
4259 6
4265 7
4272 7
4279 3
4282 7
4289 5
4294 6
4300 6
4306 7
4313 5
4318 5
4323 5
4328 9
4337 4
4341 8
4349 8
4357 7
4364 5
4369 5
4374 6
4380 8
4388 7
4395 8
4403 5
4408 8
4416 5
4421 7
4428 12
4440 5
4445 9
4454 7
4461 5
4466 7
4473 6
4479 4
4483 3
4486 10
4496 7
4503 5
4508 7
4515 5
4520 12
4532 5
4537 6
4543 6
4549 7
4556 9
4565 6
4571 6
4577 5
4582 7
4589 4
4593 3
4596 6
4602 5
4607 9
4616 3
4619 5
4624 7
4631 10
4641 4
4645 7
4652 8
4660 5
4665 6
4671 7
4678 4
4682 5
4687 6
4693 7
4700 5
4705 7
4712 6
4718 4
4722 4
4726 7
4733 5
4738 6
4744 5
4749 8
4757 4
4761 7
4768 6
4774 6
4780 7
4787 7
4794 5
4799 5
4804 5
4809 4
4813 2
4815 3
4818 9
4827 5
4832 5
4837 4
4841 5
4846 7
4853 5
4858 6
4864 5
4869 5
4874 3
4877 3
4880 8
4888 3
4891 10
4901 6
4907 6
4913 6
4919 5
4924 4
4928 11
4939 5
4944 10
4954 8
4962 8
4970 5
4975 5
4980 7
4987 9
4996 6
5002 7
5009 9
5018 5
5023 5
5028 6
5034 6
5040 3
5043 7
5050 10
5060 5
5065 7
5072 4
5076 3
5079 11
5090 6
5096 11
5107 6
5113 8
5121 6
5127 13
5140 8
5148 3
5151 6
5157 7
5164 10
5174 8
5182 7
5189 6
5195 8
5203 5
5208 4
5212 6
5218 4
5222 4
5226 5
5231 4
5235 4
5239 12
5251 7
5258 6
5264 9
5273 7
5280 4
5284 4
5288 7
5295 7
5302 8
5310 8
5318 5
5323 5
5328 9
5337 6
5343 5
5348 6
5354 5
5359 5
5364 6
5370 4
5374 6
5380 6
5386 8
5394 8
5402 4
5406 4
5410 8
5418 8
5426 4
5430 3
5433 6
5439 7
5446 7
5453 5
5458 8
5466 6
5472 6
5478 7
5485 8
5493 5
5498 2
5500 8
5508 8
5516 7
5523 5
5528 7
5535 9
5544 8
5552 7
5559 5
5564 4
5568 6
5574 8
5582 6
5588 7
5595 7
5602 8
5610 5
5615 4
5619 9
5628 10
5638 3
5641 5
5646 7
5653 7
5660 9
5669 7
5676 6
5682 4
5686 5
5691 3
5694 8
5702 8
5710 6
5716 6
5722 7
5729 7
5736 5
5741 5
5746 5
5751 5
5756 7
5763 4
5767 6
5773 3
5776 8
5784 6
5790 7
5797 7
5804 5
5809 6
5815 5
5820 6
5826 11
5837 5
5842 7
5849 6
5855 3
5858 5
5863 8
5871 6
5877 9
5886 6
5892 10
5902 9
5911 6
5917 5
5922 3
5925 8
5933 6
5939 4
5943 8
5951 7
5958 8
5966 7
5973 6
5979 5
5984 5
5989 4
5993 4
5997 7
6004 4
6008 7
6015 8
6023 10
6033 8
6041 4
6045 8
6053 8
6061 7
6068 5
6073 7
6080 6
6086 6
6092 5
6097 6
6103 4
6107 5
6112 7
6119 3
6122 4
6126 6
6132 5
6137 7
6144 3
6147 9
6156 5
6161 3
6164 9
6173 6
6179 5
6184 6
6190 3
6193 7
6200 6
6206 4
6210 6
6216 7
6223 6
6229 5

836

6234
0 8
0 8
191 1
43 3
374 3
79 8
393 2
499 8
746 10
882 8
913 6
21 6
531 1
614 3
836 8
313 9
933 4
969 8
242 4
321 9
650 2
812 6
1002 8
328 10
1020 10
489 10
110 9
701 1
949 8
764 4
19 7
339 5
205 3
250 2
631 3
36 5
560 10
876 2
202 6
404 9
422 8
530 8
819 8
823 2
951 9
1019 4
253 3
70 5
667 1
8 8
454 10
566 10
919 4
172 8
105 8
603 10
543 1
979 8
850 4
374 8
749 2
6 8
299 9
617 9
763 8
360 1
193 4
423 2
170 7
345 5
589 6
628 5
655 6
731 5
558 1
807 3
962 10
348 5
957 7
170 9
410 2
537 2
903 4
456 9
796 1
644 2
104 10
129 8
455 1
845 1
733 5
158 2
305 8
633 7
658 9
783 1
451 1
626 4
67 2
404 1
635 6
194 8
233 3
71 5
830 6
863 2
451 10
78 4
966 4
812 8
95 10
141 3
363 3
424 9
448 5
126 1
801 4
691 8
181 10
456 9
619 1
666 6
938 9
32 7
903 2
905 7
178 5
412 4
481 10
4 7
1012 5
576 8
62 5
375 1
290 7
708 6
713 3
866 7
308 5
733 3
28 7
379 5
539 4
769 5
793 10
998 8
1004 8
1 6
339 1
920 9
312 9
854 6
173 2
394 6
876 9
932 6
256 9
492 9
431 9
357 1
464 1
886 8
956 1
110 2
771 4
162 7
159 5
173 4
500 1
678 3
812 7
845 6
733 2
834 8
370 2
96 5
123 9
181 6
278 9
280 4
292 9
337 2
541 3
580 4
582 8
591 7
615 1
49 9
630 8
352 10
929 5
718 5
527 5
162 6
313 8
319 3
813 5
183 10
1010 10
842 6
20 7
675 9
505 6
937 10
258 9
492 4
644 8
780 2
46 1
623 4
237 4
371 6
549 1
737 9
174 1
528 4
649 2
546 10
101 2
126 3
245 6
354 9
548 6
878 3
1007 6
442 5
307 7
694 6
88 1
18 7
819 10
542 4
349 4
362 5
392 9
474 2
593 5
704 8
971 4
606 10
477 4
85 1
588 1
886 9
849 1
419 7
723 6
402 10
612 3
774 7
516 9
942 5
882 8
188 9
396 4
398 2
846 8
5 5
827 2
107 10
316 3
699 10
989 10
295 7
426 10
115 10
144 5
354 8
488 3
1007 2
336 10
517 4
730 4
151 9
800 9
241 1
159 7
609 8
93 1
298 2
528 2
842 2
730 9
543 3
148 6
526 1
127 7
621 8
387 4
864 9
203 6
521 2
163 5
221 4
237 6
403 8
679 8
806 2
0 3
821 4
776 9
768 5
98 9
220 2
568 3
563 2
665 4
158 1
287 3
946 5
97 9
229 5
243 10
1010 3
29 1
302 6
81 5
616 4
962 6
529 6
850 5
61 3
341 6
369 7
54 5
526 4
547 8
222 3
123 1
304 8
461 7
489 4
25 9
145 3
741 2
277 2
987 2
264 8
804 3
274 8
494 9
894 1
447 9
870 3
1020 1
193 5
312 6
744 9
765 8
814 7
141 3
718 8
156 4
343 3
226 9
230 10
366 7
981 9
1007 3
428 3
977 3
535 7
48 5
61 7
117 8
202 2
243 4
442 9
763 3
745 4
482 5
748 3
907 4
658 9
356 3
886 5
813 5
232 2
280 5
414 6
953 4
857 8
548 9
247 8
803 7
734 5
996 1
449 8
975 7
191 8
652 10
858 9
459 1
717 8
477 6
646 7
450 5
289 10
923 4
977 9
173 8
364 7
703 8
54 7
124 8
851 1
47 3
117 5
292 9
696 6
948 10
19 5
567 8
348 10
658 1
210 3
502 5
651 8
987 2
182 3
791 7
773 10
562 4
662 10
308 8
719 10
370 1
767 7
210 2
1004 8
313 4
648 7
914 6
501 4
641 5
14 2
345 5
544 4
601 5
656 6
751 7
786 10
973 4
256 10
134 2
423 9
631 2
807 1
335 4
953 2
975 3
222 3
507 8
762 8
6 5
434 5
135 3
448 1
450 7
854 8
76 9
343 10
15 5
312 3
666 4
436 9
275 8
297 8
472 5
500 6
655 5
578 6
345 9
624 6
164 1
217 5
239 1
343 10
713 1
777 2
945 10
181 4
581 5
844 10
871 6
903 7
547 8
239 5
97 9
788 2
71 9
478 5
668 7
537 4
418 6
692 8
915 10
734 6
241 6
676 5
351 8
1002 3
16 4
292 1
176 3
397 8
260 1
965 9
811 10
260 2
0 8
85 7
527 8
1005 9
947 4
654 4
782 6
841 2
554 4
701 4
46 5
488 1
364 7
995 6
148 2
157 5
336 5
559 3
792 6
684 6
93 5
354 1
624 2
218 8
399 7
444 10
792 2
868 4
888 3
725 4
125 9
690 5
723 6
774 8
33 1
79 7
684 4
191 4
460 7
546 4
775 10
836 1
89 3
412 1
853 1
323 4
141 7
450 4
816 1
661 10
962 9
416 1
819 5
31 1
133 8
263 10
505 4
841 5
86 3
573 10
117 2
301 2
722 6
374 2
138 8
498 1
219 8
314 7
687 9
694 8
661 10
758 2
249 3
312 7
360 1
759 7
459 6
467 8
460 2
501 9
640 9
691 4
773 2
39 1
213 8
899 4
82 5
298 4
553 7
572 10
824 4
305 1
181 7
645 8
986 5
730 10
16 10
437 5
154 2
117 4
673 5
960 1
24 5
520 6
574 10
45 9
75 9
834 6
421 5
456 2
786 7
248 3
505 6
43 9
582 8
802 5
277 3
593 5
928 5
308 2
808 1
661 9
416 8
353 3
311 2
159 6
425 4
619 10
795 3
990 10
30 2
677 7
410 9
271 3
454 3
154 10
154 1
537 10
644 7
884 7
967 1
1009 5
402 6
682 5
120 4
191 2
591 10
401 3
12 10
354 8
225 3
840 3
998 3
7 8
681 7
303 10
757 3
271 2
332 1
424 8
546 5
809 2
931 8
851 7
756 7
140 4
356 4
901 2
36 10
569 2
323 1
801 7
1018 5
929 6
189 8
878 1
686 8
555 10
799 5
835 10
485 6
677 10
989 10
886 6
129 7
422 5
23 2
530 5
195 1
3 9
268 6
902 2
671 10
347 5
211 1
194 8
472 3
698 1
715 4
941 6
728 7
636 3
979 8
988 5
201 1
375 7
566 7
792 9
947 3
404 1
443 8
902 5
131 3
352 2
663 7
745 1
765 2
505 8
116 1
250 7
446 6
511 9
701 2
941 2
37 10
224 4
568 10
704 2
386 5
820 1
114 1
828 10
153 7
959 10
54 8
61 5
89 2
775 5
95 4
931 5
434 5
212 6
488 2
813 2
898 1
946 3
438 2
539 7
804 5
780 7
972 3
851 5
610 2
940 9
103 4
629 4
405 8
660 5
916 8
659 7
641 6
898 7
438 8
225 9
782 2
611 2
616 9
655 8
24 9
48 1
537 9
61 8
882 1
647 1
900 2
706 6
848 10
957 6
686 7
526 6
84 9
428 4
1004 10
17 1
879 4
30 3
193 2
348 7
550 8
976 8
41 7
854 3
720 8
448 2
274 6
219 8
485 10
584 8
751 1
452 9
788 3
215 9
531 9
645 7
869 4
109 7
946 1
521 4
12 8
308 9
315 9
364 5
549 8
443 3
939 9
366 10
531 4
113 3
413 1
280 7
382 5
505 5
770 5
856 4
955 1
966 1
144 8
391 9
585 7
912 1
88 8
677 9
700 2
682 4
68 2
303 6
275 6
777 10
443 8
608 2
729 2
882 2
70 3
911 10
249 10
726 1
712 4
774 3
912 9
325 7
547 7
927 7
297 4
629 3
710 2
817 7
843 10
954 3
90 8
235 7
298 6
954 10
507 8
480 8
480 2
978 3
192 4
929 10
695 4
492 2
149 6
198 3
255 7
348 3
358 2
106 4
224 4
252 1
244 7
818 2
52 3
86 7
16 3
147 10
217 7
891 2
833 4
598 3
438 6
530 5
757 7
348 4
728 2
502 6
495 2
683 3
741 2
132 8
788 9
37 5
737 5
844 10
449 7
805 8
49 3
464 1
839 6
239 5
894 3
968 8
597 5
420 8
891 2
318 1
892 2
141 10
369 7
315 2
158 5
679 1
781 5
984 3
990 1
40 6
81 2
402 10
505 4
139 6
727 7
393 1
458 10
877 4
380 4
310 7
518 7
944 5
38 9
254 5
862 10
318 4
734 4
476 7
637 5
984 8
976 8
1001 5
799 10
1020 10
116 7
810 1
259 10
839 2
95 2
102 10
403 8
347 7
334 8
102 1
661 7
772 2
961 3
450 7
791 8
583 9
642 5
52 4
785 6
261 9
417 1
987 3
600 8
694 3
460 9
81 5
939 5
685 9
201 10
13 2
44 1
551 3
147 5
268 10
692 4
39 7
258 8
23 5
100 6
503 1
893 10
973 5
816 4
925 6
406 9
609 1
636 4
670 5
954 9
641 3
225 5
338 1
327 4
630 7
677 6
872 3
23 7
26 6
346 7
741 2
917 8
42 5
887 6
325 5
393 5
547 9
558 6
720 7
796 7
73 1
197 7
291 8
923 7
286 1
541 6
564 5
199 10
332 5
490 9
213 7
200 4
811 8
608 3
798 4
427 9
622 4
703 3
461 1
518 4
621 10
478 6
740 9
841 2
269 1
11 9
9 7
494 8
497 9
684 1
739 8
870 2
891 2
532 4
621 10
828 7
7 8
684 5
225 1
557 1
233 5
242 4
564 10
60 8
21 2
23 4
700 8
238 1
965 1
30 1
844 10
917 10
776 1
895 8
601 9
624 7
349 10
419 1
473 3
78 3
769 8
745 2
947 9
330 9
630 4
516 4
180 1
673 8
680 9
877 4
921 9
901 2
919 10
18 5
245 10
365 6
721 7
726 8
994 8
560 5
310 4
177 1
463 5
578 7
550 6
420 6
483 6
74 4
94 7
24 6
17 10
863 7
916 3
218 4
703 9
960 7
63 3
959 6
716 4
222 7
856 6
401 7
27 10
827 5
597 8
835 10
503 5
343 6
894 10
295 5
524 2
951 8
735 1
956 4
538 8
826 5
654 8
1006 7
992 10
457 2
745 2
523 1
957 8
699 1
35 9
314 5
917 4
108 8
924 6
638 8
277 3
396 3
785 9
920 5
479 9
688 9
375 6
789 5
0 1
85 4
103 2
58 8
958 1
896 4
139 4
612 10
290 5
883 10
400 3
536 8
821 5
9 4
51 5
900 4
126 2
194 5
225 9
15 8
193 5
111 8
733 2
426 1
548 10
663 9
841 4
110 1
363 5
768 10
743 7
196 1
417 1
575 6
820 9
195 1
602 5
863 8
277 9
164 7
376 8
392 4
225 6
280 6
487 5
842 10
849 3
606 8
268 4
967 10
139 3
457 7
606 5
166 10
999 7
251 5
240 10
166 4
747 9
870 7
382 1
112 1
157 10
367 10
289 6
5 6
54 2
253 2
327 4
471 5
714 3
762 10
42 6
728 8
818 6
209 2
641 1
963 9
995 3
396 5
320 5
629 9
247 4
4 3
845 10
641 9
332 8
509 8
1022 3
282 10
819 10
232 5
279 10
516 4
853 9
412 8
825 6
776 1
643 10
828 9
237 6
484 3
668 4
203 2
822 7
969 3
66 2
688 7
986 2
665 3
62 3
342 6
111 1
520 10
993 1
975 6
890 4
117 6
912 8
567 3
1002 6
420 4
504 9
700 5
922 10
93 8
166 7
691 3
753 3
763 1
913 4
452 4
918 4
525 8
541 9
600 8
128 9
965 8
431 10
319 10
246 4
924 7
346 1
727 8
768 4
480 10
141 7
73 5
405 4
540 3
83 8
710 6
429 5
181 4
590 3
682 2
774 4
813 7
880 5
1008 1
1014 3
127 8
475 7
461 1
90 8
483 9
512 6
43 2
620 6
899 1
279 3
676 9
995 9
42 4
945 10
947 4
48 3
69 3
182 7
859 5
324 7
273 1
708 6
591 6
444 1
624 9
377 6
115 4
140 4
687 4
745 10
1011 9
122 9
161 5
172 1
193 9
104 3
197 6
895 4
534 4
628 5
510 1
52 9
511 6
985 9
263 1
545 9
456 5
400 10
645 6
729 7
360 1
561 8
550 6
320 9
420 5
693 8
45 5
600 8
489 8
945 8
506 6
733 1
494 3
677 8
905 8
52 10
282 9
540 4
459 7
971 5
445 1
698 4
668 1
56 2
206 5
727 10
868 10
15 3
749 3
172 5
916 7
246 3
458 2
586 3
623 3
997 1
763 1
863 2
759 9
340 9
407 5
761 6
138 7
909 4
613 7
637 7
552 7
369 4
331 4
429 9
208 6
29 4
42 6
445 4
516 9
635 6
173 1
655 7
598 4
951 8
729 9
75 5
296 5
812 8
145 5
73 1
552 3
634 3
875 1
200 10
323 9
841 6
691 5
400 7
504 7
568 2
720 7
39 1
77 6
282 8
313 5
286 3
317 2
432 4
683 3
778 1
759 8
172 4
2 4
467 4
595 4
850 3
1015 9
45 10
427 10
410 10
514 10
54 4
810 8
954 2
140 7
768 1
913 4
519 1
375 8
836 9
30 6
178 10
233 3
403 6
215 4
386 4
577 5
581 8
604 9
204 4
262 4
866 1
57 8
98 3
823 10
865 4
798 9
393 5
754 9
135 10
996 7
594 2
91 3
586 1
4 2
693 2
114 7
761 7
199 5
660 5
991 8
358 1
415 8
663 2
887 2
140 1
884 3
808 7
816 7
454 1
316 7
426 2
544 8
575 4
6 3
202 2
478 6
608 4
972 7
441 5
686 1
924 2
151 5
631 7
536 9
276 8
666 1
674 5
1009 3
1012 4
850 1
745 1
139 7
571 10
22 9
68 10
296 9
510 2
334 5
559 9
924 3
1014 3
557 6
534 9
354 4
682 7
28 9
159 8
705 2
785 8
650 7
675 4
597 4
940 5
153 10
331 4
450 4
409 10
675 9
690 4
79 2
366 7
78 1
527 7
515 7
720 6
751 5
885 10
156 9
530 1
525 3
270 3
276 8
926 6
247 4
378 2
675 1
371 6
743 2
862 5
352 2
88 10
226 1
493 3
626 8
897 7
905 2
50 8
919 9
318 3
296 5
319 7
328 2
659 5
810 3
598 4
342 4
973 3
945 7
648 10
1000 1
498 7
997 6
737 6
952 10
518 1
596 4
706 6
110 6
158 10
198 4
992 6
870 5
908 9
274 5
452 2
169 1
949 9
852 9
559 5
475 9
896 1
950 9
261 3
609 9
851 1
811 10
875 6
102 3
689 10
105 2
889 3
816 4
799 5
345 10
285 6
606 10
457 10
626 5
750 7
969 5
645 3
222 1
378 7
50 8
127 6
268 5
628 7
134 6
504 2
72 8
276 9
576 9
254 8
261 8
275 9
667 3
276 5
276 5
605 4
992 7
99 3
49 2
189 3
196 9
694 7
881 5
24 9
297 9
397 3
401 3
206 10
644 10
639 10
220 3
283 1
413 9
469 2
966 9
131 7
56 5
24 4
597 8
197 6
518 1
832 5
887 6
902 2
773 6
1009 8
926 6
402 9
600 5
206 10
241 8
319 6
230 9
324 1
531 4
539 1
939 4
569 1
973 5
973 1
279 1
851 7
881 6
716 1
603 7
824 2
305 3
307 7
341 8
676 10
749 8
272 6
633 7
491 7
818 2
506 6
355 5
534 9
712 9
886 2
165 1
918 4
909 10
241 3
685 7
312 4
535 8
769 8
575 8
44 3
340 9
434 8
845 10
1000 6
718 2
333 8
517 10
60 10
202 6
651 9
1007 8
620 5
603 8
965 5
192 5
477 2
19 7
672 7
165 8
522 4
309 7
355 1
388 6
462 4
680 9
681 7
891 4
1021 7
78 1
61 9
24 9
861 10
649 9
380 6
628 9
723 10
829 3
984 7
886 9
345 10
365 8
455 6
37 7
696 7
1001 5
184 5
716 6
795 9
815 1
1014 4
239 5
256 9
796 3
264 5
347 8
715 1
840 2
278 9
72 8
137 4
469 5
420 4
557 9
581 9
787 3
918 4
138 6
39 2
93 4
377 6
592 5
785 7
8 9
451 8
545 6
726 2
759 4
866 3
879 3
536 10
482 7
656 6
89 2
1012 3
682 5
818 2
535 7
974 1
46 6
317 3
814 2
640 8
489 8
801 1
1020 10
105 10
134 6
660 8
911 4
413 7
585 1
48 8
335 4
441 3
697 6
802 6
944 3
94 1
13 8
284 3
332 3
860 6
553 4
455 8
737 4
814 3
1019 6
31 7
284 7
977 9
772 6
20 5
65 8
99 2
625 8
129 9
313 3
767 1
291 7
752 3
363 4
400 6
907 3
150 7
679 7
179 4
100 2
546 5
875 7
321 6
755 1
987 8
21 9
72 3
91 7
51 6
286 4
1003 5
1012 7
2 9
66 4
241 5
308 3
567 10
26 8
425 6
568 5
188 5
90 7
876 2
147 2
129 9
486 2
333 8
333 5
724 6
744 6
938 4
972 2
579 1
36 3
252 7
606 10
473 9
551 5
910 9
302 3
716 1
241 2
872 5
524 4
595 1
151 4
264 3
352 6
146 1
330 3
1010 9
215 10
282 6
264 7
710 7
763 3
26 3
555 5
901 6
204 5
228 9
391 9
867 10
603 6
741 7
801 5
999 7
311 6
664 2
2 9
435 8
928 8
823 10
86 4
107 1
240 9
348 7
940 5
839 6
827 1
546 3
903 8
222 7
282 1
473 6
658 4
613 3
703 1
136 7
163 5
567 10
728 8
381 5
987 10
668 5
474 9
465 3
587 9
718 7
202 4
161 4
789 2
390 1
423 1
990 10
3 10
264 2
941 1
562 2
520 3
499 10
471 3
512 3
534 3
596 7
999 4
1013 6
318 3
176 9
581 9
417 8
484 8
954 7
236 4
259 4
805 4
592 8
343 7
742 6
166 5
205 8
305 3
957 3
105 1
540 2
834 3
988 3
315 8
288 8
315 5
1017 10
494 1
154 8
256 5
415 10
69 4
475 8
719 1
304 4
810 6
38 10
685 4
81 5
622 10
838 6
24 2
743 9
894 5
497 10
811 5
161 1
339 7
379 6
4 5
21 1
338 7
678 4
706 8
357 9
234 9
389 4
287 9
810 4
691 8
1006 7
47 6
284 8
693 6
684 10
265 4
366 5
210 6
962 8
52 3
71 10
184 6
331 7
949 7
372 9
640 4
73 10
527 10
592 6
653 10
920 10
816 3
993 7
434 5
761 1
943 9
73 9
272 10
294 10
67 5
745 5
9 5
162 7
216 1
524 2
931 3
604 7
890 4
967 10
111 5
154 7
628 9
296 8
488 9
563 10
570 5
602 8
11 5
62 10
143 4
323 7
472 9
139 3
754 7
126 7
368 3
478 1
32 4
881 8
909 5
175 10
915 6
979 6
431 8
994 7
451 4
562 2
734 4
77 8
902 8
765 6
452 5
853 10
881 3
925 3
263 2
318 6
25 10
113 2
622 1
935 4
569 2
587 2
100 3
511 5
980 7
611 10
1017 5
894 8
972 4
83 1
104 8
37 8
257 4
30 9
417 9
529 6
1003 10
748 8
285 5
387 7
291 1
711 9
827 3
901 9
1002 4
56 3
106 4
597 3
815 1
391 6
339 9
22 1
779 6
368 2
567 10
600 2
755 4
917 8
251 1
419 1
139 2
834 10
577 1
843 5
939 6
863 2
569 1
454 7
9 1
91 1
776 5
523 9
227 1
786 9
796 10
431 8
683 1
474 2
533 5
32 5
591 1
628 5
389 10
195 5
309 4
16 3
600 7
522 6
735 3
860 9
81 7
129 5
60 7
553 6
508 3
710 7
638 5
178 6
848 3
294 8
881 1
260 7
342 5
52 7
770 2
130 10
398 8
543 1
629 5
970 2
408 5
201 10
989 6
390 9
467 7
357 2
348 3
790 1
147 7
236 4
47 7
487 5
988 6
621 6
24 2
65 1
533 5
673 10
679 10
942 4
262 6
489 4
29 6
638 7
726 6
393 9
601 5
343 9
801 2
648 8
521 10
620 2
676 8
944 1
393 6
414 3
427 8
839 4
931 9
0 3
8 8
90 2
762 5
899 5
558 4
918 9
19 1
245 8
864 2
112 7
190 6
786 7
197 8
688 7
715 5
459 7
959 6
1012 8
298 6
708 5
721 2
223 6
769 9
471 8
1010 8
262 2
273 7
519 10
389 2
20 5
338 6
564 4
886 6
810 4
969 2
150 4
293 6
572 9
754 10
908 4
325 5
686 7
1021 7
554 7
549 8
201 1
912 8
853 1
131 5
834 1
524 4
826 5
910 9
559 10
462 5
641 8
780 10
646 9
908 2
937 4
1023 4
820 2
773 2
982 9
115 5
246 4
625 6
355 7
564 6
41 4
574 9
956 4
644 9
753 6
291 6
675 2
764 9
340 4
378 2
362 10
559 8
788 1
327 1
665 9
367 9
740 5
132 9
320 9
356 6
404 7
845 3
197 4
781 8
32 9
149 1
163 5
373 6
371 9
685 10
0 2
248 5
431 10
512 6
604 2
873 5
927 2
935 8
808 1
395 1
572 9
21 6
498 9
394 1
855 2
1016 7
670 1
522 7
741 1
1009 8
204 5
189 3
579 8
866 6
35 4
491 9
742 1
78 8
450 6
278 3
366 8
35 2
569 4
578 3
780 2
895 3
83 7
597 6
523 1
846 1
227 10
240 7
192 3
796 9
309 6
441 8
104 3
278 3
752 1
182 7
103 6
148 10
281 9
877 3
701 9
34 10
507 2
802 5
822 4
154 8
246 6
783 9
42 8
409 2
444 3
113 1
391 7
687 7
5 9
14 1
664 4
764 5
217 4
665 8
120 8
460 1
160 9
896 4
581 5
927 1
967 9
603 2
234 5
771 7
367 5
709 10
849 1
698 3
805 8
403 2
259 10
652 8
507 4
102 9
243 10
11 2
890 4
740 7
426 4
619 5
915 4
86 1
207 8
414 7
541 1
18 4
671 7
131 1
303 7
279 9
476 3
612 6
866 1
373 3
412 7
763 6
56 6
653 4
939 1
334 10
816 1
428 8
251 8
601 3
685 2
88 1
100 8
675 3
517 5
975 8
156 1
330 8
354 9
622 5
428 6
195 1
524 2
426 1
76 6
633 10
458 5
539 5
775 6
705 6
34 7
358 1
497 9
175 1
575 1
699 7
515 8
677 4
146 8
228 5
212 4
297 4
180 6
959 2
477 4
754 5
97 5
950 8
524 8
938 7
5 8
920 7
109 5
635 9
9 2
68 9
551 1
327 1
460 3
556 9
672 3
691 6
105 8
583 5
16 9
530 6
801 9
100 4
313 6
37 10
194 1
417 1
252 2
410 4
428 10
167 9
243 10
864 9
546 7
373 8
672 10
53 3
415 8
417 6
125 4
426 10
218 5
647 3
236 9
665 7
846 10
999 8
489 10
573 5
22 9
215 10
350 8
361 8
912 6
393 10
768 8
241 4
845 4
856 2
567 1
820 5
585 4
904 4
70 5
117 5
819 10
287 8
344 5
562 7
564 6
679 10
794 6
322 8
464 9
837 10
717 4
758 4
72 9
1007 7
767 6
597 2
753 10
538 9
609 5
891 10
95 5
667 3
845 9
637 10
852 10
988 2
1001 7
118 2
122 8
964 1
142 6
569 6
699 2
718 8
739 10
661 1
450 2
1000 8
514 10
584 9
897 7
640 5
571 4
632 7
665 2
722 8
304 3
253 5
696 8
400 8
522 2
31 5
54 9
580 5
706 5
907 8
113 8
130 3
134 8
1015 1
681 6
699 4
905 7
878 2
882 3
1021 3
223 1
403 3
873 1
83 10
651 10
666 10
231 1
676 3
724 2
237 4
532 9
114 6
646 9
51 9
967 1
834 7
786 1
930 7
127 2
725 1
16 5
70 1
539 7
752 9
867 7
58 8
144 7
943 7
555 4
702 4
889 2
60 5
155 7
259 4
397 6
439 2
70 7
86 4
14 1
16 10
350 4
825 3
592 6
299 8
843 6
128 9
214 4
868 10
930 8
268 2
351 5
533 8
727 4
559 6
979 8
102 3
252 1
6 10
574 6
609 10
359 7
725 9
804 7
306 8
294 6
899 2
586 8
12 1
550 1
996 4
12 9
227 5
97 2
17 9
833 4
862 3
187 2
700 7
198 7
710 9
272 10
485 3
150 10
418 5
233 2
680 6
698 4
818 6
916 4
59 1
92 6
231 7
572 9
488 7
570 8
376 7
957 1
92 2
157 9
423 3
489 2
85 7
503 7
405 1
168 1
219 1
615 9
48 7
762 9
834 5
474 10
863 5
384 5
831 5
917 8
291 4
180 5
624 4
887 5
145 1
435 9
481 6
22 1
676 5
995 4
590 2
326 3
851 7
582 9
632 5
92 8
242 4
867 6
863 9
830 2
367 7
848 1
1020 8
720 4
685 10
297 5
718 7
279 2
582 1
555 9
613 8
869 6
915 6
789 2
731 5
609 10
733 4
772 9
329 3
687 10
377 8
202 5
812 6
348 9
111 3
72 5
681 9
938 1
324 6
316 9
736 1
175 3
326 9
32 2
833 8
361 2
461 10
704 5
713 1
219 7
335 8
269 9
747 1
842 2
731 5
151 7
413 3
766 5
33 4
59 6
290 2
420 4
689 10
611 1
790 5
76 5
168 6
253 6
734 5
680 6
348 1
190 9
657 4
774 6
664 1
736 1
217 10
138 8
138 2
981 10
711 1
830 9
922 5
935 7
945 9
1019 2
464 6
18 10
630 2
587 5
768 1
861 4
300 7
55 5
517 5
713 4
729 2
908 7
923 8
628 8
810 6
219 9
180 6
765 5
330 8
1006 9
208 3
542 2
668 8
109 6
457 3
127 10
589 9
706 7
720 8
315 2
810 2
944 5
1017 10
554 5
757 6
958 8
369 5
600 2
197 5
893 9
781 4
784 8
81 1
347 9
459 7
117 2
37 3
750 4
652 1
3 10
229 8
371 4
460 2
48 4
648 7
302 8
430 10
884 5
166 9
991 5
782 10
992 9
579 4
964 3
285 7
514 5
396 9
576 5
755 3
849 4
1023 4
22 9
139 2
991 4
28 4
856 2
626 3
263 3
703 10
591 4
170 8
230 3
50 9
333 1
887 1
690 5
143 2
585 3
684 4
595 8
657 7
669 3
337 10
419 9
170 9
585 4
613 4
90 1
266 7
394 9
846 7
832 8
853 6
879 7
329 10
836 8
0 8
709 5
864 5
994 10
72 6
23 1
547 1
569 9
622 9
830 6
67 4
92 9
955 3
650 7
792 4
143 6
640 5
976 6
513 10
62 5
667 3
866 3
460 7
159 1
183 5
840 2
922 5
275 2
978 9
212 9
240 7
520 10
953 10
1002 1
28 6
98 6
114 8
148 4
88 4
131 5
803 2
613 7
229 6
285 6
843 8
818 5
876 2
138 8
409 4
402 2
69 8
955 3
888 1
1009 6
364 3
671 4
966 10
206 8
936 2
841 6
957 10
521 9
599 5
955 2
226 1
256 2
713 5
532 6
226 6
353 5
512 1
114 9
1021 10
588 1
649 6
781 7
220 6
511 1
823 8
393 6
568 5
329 3
879 1
502 10
942 6
765 9
567 7
930 10
243 10
440 10
491 5
664 6
706 6
742 1
675 8
260 7
419 8
619 6
665 8
723 6
789 4
35 9
177 4
237 9
930 4
937 5
206 4
625 9
659 8
38 4
416 5
482 5
288 10
168 4
267 1
280 1
150 7
538 9
712 4
378 10
244 1
714 8
526 3
863 8
652 7
96 6
211 10
329 3
817 7
504 10
572 10
1008 6
42 2
129 4
372 10
509 9
811 5
611 1
597 7
291 4
395 7
441 2
363 6
760 4
548 5
773 3
888 2
360 9
911 1
187 1
399 1
681 3
346 2
417 2
421 8
910 9
382 4
184 2
317 4
214 8
261 3
566 6
741 3
821 1
825 1
48 4
125 6
519 3
40 1
862 2
711 9
728 9
26 5
260 7
79 8
965 4
848 3
343 10
30 4
864 9
781 10
839 4
39 2
595 5
838 8
47 6
805 8
354 6
731 8
555 10
656 3
874 8
110 5
261 1
424 6
5 8
142 5
670 3
707 7
909 10
1 1
282 4
575 6
128 9
130 4
446 9
510 6
920 2
171 4
934 8
362 5
370 5
898 4
452 8
693 10
800 9
908 4
257 9
225 4
329 3
285 9
978 7
806 3
286 8
301 7
53 7
776 5
254 9
300 10
969 1
192 8
1020 1
76 4
102 10
773 6
11 2
123 9
966 10
185 8
436 9
924 4
518 9
602 5
700 5
775 9
925 5
950 2
118 7
418 5
282 1
448 7
736 7
20 4
332 2
217 3
731 5
230 4
911 2
948 10
412 1
214 9
165 6
24 3
618 6
728 6
32 4
799 10
484 2
963 1
824 8
7 1
40 3
366 1
740 2
591 7
978 10
988 2
1022 6
977 3
67 4
252 8
639 5
642 10
712 9
747 5
226 9
299 6
583 4
710 6
1013 10
30 10
311 5
427 7
661 9
105 5
85 4
323 3
636 10
958 2
48 8
75 8
137 7
772 8
163 9
500 1
852 9
684 10
57 9
522 5
194 10
693 4
30 6
762 3
1009 10
129 8
721 7
381 8
29 1
594 10
870 6
914 2
180 6
228 6
947 4
455 1
126 8
158 3
423 1
783 6
708 3
725 3
316 5
614 10
616 9
640 9
1000 8
235 7
239 3
910 3
788 2
810 4
627 8
701 1
816 5
364 6
93 7
951 8
305 4
381 7
953 6
486 5
80 4
611 10
623 2
760 2
449 4
108 10
319 5
529 10
469 9
658 7
423 9
824 9
172 1
257 6
621 2
297 9
687 7
825 10
10 1
374 4
798 6
822 9
163 6
1001 3
82 3
269 5
383 10
453 6
256 9
873 5
389 8
679 4
737 8
5 10
179 5
860 6
965 1
634 8
839 5
907 8
937 9
992 4
227 8
831 4
796 9
833 3
847 4
64 4
328 2
585 7
434 7
1012 6
350 2
44 2
347 10
977 5
1005 7
748 10
379 4
387 6
165 5
434 6
172 10
741 6
783 1
930 2
650 1
988 3
968 3
699 7
647 9
525 6
6 10
112 7
613 10
824 10
885 3
62 8
212 3
313 10
325 10
433 1
513 7
357 10
911 3
115 10
512 5
313 5
240 2
43 3
980 9
107 2
283 1
359 1
398 4
500 9
438 6
352 2
973 9
978 1
459 8
347 5
854 10
584 2
718 9
927 7
963 7
985 5
255 10
440 4
750 6
859 8
380 9
394 9
459 9
520 10
93 10
824 6
89 10
1019 2
430 5
964 3
624 7
849 8
387 9
454 6
96 10
924 7
593 8
873 8
287 8
419 1
531 6
252 4
195 6
845 8
19 8
491 5
275 9
654 6
358 1
997 10
246 5
73 6
180 7
705 10
398 3
691 9
968 5
665 10
705 2
819 3
837 10
956 3
316 1
396 8
820 8
490 4
978 9
442 5
736 3
783 8
24 4
685 5
74 5
330 9
246 8
406 5
297 9
466 9
469 1
24 8
98 8
836 10
657 10
806 10
1005 1
424 5
545 4
698 6
155 9
440 9
570 2
127 8
714 7
763 3
1016 2
304 1
433 4
495 3
497 4
562 7
749 2
649 9
132 7
766 9
780 8
940 2
974 5
249 1
455 8
742 1
609 7
233 3
834 3
844 1
481 5
743 6
352 2
326 9
886 2
877 5
33 1
645 3
511 1
724 10
485 9
9 6
905 1
661 1
716 6
620 1
809 9
465 2
610 4
218 3
803 10
932 6
104 10
223 6
362 1
493 4
24 7
543 7
606 7
719 4
331 8
451 6
343 6
671 5
298 5
793 6
916 7
968 1
99 5
746 3
574 8
32 5
249 2
850 5
827 8
660 8
549 10
777 5
833 8
855 9
946 8
496 8
750 10
242 4
528 5
317 1
723 3
935 5
329 7
603 2
267 4
146 5
183 8
280 8
356 3
399 6
436 2
521 7
610 6
916 8
258 4
615 4
142 3
238 4
265 4
634 6
873 10
625 9
625 6
509 5
229 8
363 7
487 2
357 2
156 8
281 5
214 8
702 8
1005 2
175 9
788 2
67 5
371 5
415 3
196 5
538 5
347 8
980 6
606 10
7 10
284 7
407 2
596 2
320 6
758 2
289 8
393 2
346 7
246 9
616 9
891 2
857 2
276 4
867 2
989 2
33 10
198 8
272 10
316 10
602 10
591 7
996 8
198 5
794 9
927 1
981 4
668 1
167 3
253 4
895 1
134 2
986 4
959 9
39 8
270 9
454 10
586 7
745 4
436 5
470 10
160 1
731 4
883 10
931 6
120 2
590 4
597 6
935 6
1005 8
945 10
1006 3
353 10
521 1
554 10
759 6
477 1
926 6
122 2
735 3
192 10
413 6
873 1
34 3
660 10
915 4
235 7
324 3
505 7
497 4
469 8
566 10
625 2
1 3
930 1
551 10
650 7
757 2
1022 9
461 9
24 1
783 9
597 4
843 3
872 3
604 9
46 4
122 9
551 9
671 5
937 8
8 9
646 7
541 6
670 5
854 9
770 10
1018 3
411 5
515 6
100 10
17 1
839 5
814 5
947 5
220 6
289 5
372 2
589 1
41 8
168 10
557 2
369 6
844 2
750 5
171 10
336 10
352 1
417 5
167 4
797 9
500 9
29 4
554 2
922 2
233 3
839 5
73 6
83 2
175 7
223 9
463 4
573 7
732 3
630 4
308 8
598 9
599 6
613 2
902 4
516 9
386 6
662 2
14 4
493 3
875 8
263 8
272 5
749 10
552 8
274 7
347 9
362 5
483 8
225 5
728 4
9 5
293 9
120 4
204 9
865 3
366 5
137 3
683 4
25 8
481 2
624 4
176 4
161 7
972 4
831 5
949 10
254 7
4 3
709 2
68 2
951 6
440 7
466 5
633 3
803 6
285 7
418 10
785 7
632 3
13 7
845 4
859 5
560 8
598 6
239 3
648 6
671 1
840 5
422 9
972 5
14 6
237 6
789 6
112 3
640 2
918 8
546 10
160 4
767 4
890 10
235 7
905 10
437 10
989 9
151 5
883 3
189 8
365 5
371 7
921 2
841 6
642 4
654 10
279 10
641 9
544 5
302 8
343 4
440 5
502 5
636 2
667 2
872 1
551 9
92 9
67 5
121 6
161 3
205 9
384 8
639 9
651 10
203 1
923 4
833 1
638 4
155 5
544 10
207 10
720 3
1007 7
12 2
279 10
102 7
387 9
651 1
28 8
672 9
963 6
227 6
273 3
588 3
128 7
94 8
754 1
732 1
59 7
384 9
965 2
446 9
617 7
124 1
429 3
693 1
565 9
653 9
266 10
372 8
489 7
634 6
66 7
731 1
855 5
30 2
293 9
585 9
935 10
918 3
511 6
871 4
818 10
258 7
501 7
565 1
614 7
2 2
738 9
289 9
641 10
644 1
444 10
681 10
854 9
62 8
664 10
409 8
488 1
519 7
58 10
647 9
414 4
343 10
666 2
754 6
80 4
186 8
638 10
576 6
758 3
73 5
238 7
122 8
9 6
659 10
67 6
529 3
300 6
892 6
921 3
479 4
582 10
845 1
496 7
906 4
56 9
62 1
324 4
924 3
555 7
13 9
121 7
655 10
264 5
740 6
852 4
516 8
251 5
303 8
594 8
612 10
120 5
736 7
87 10
91 10
100 9
439 1
546 9
589 1
843 4
910 8
154 7
775 4
64 10
625 2
1013 5
673 10
863 10
194 9
113 7
251 2
321 2
404 4
514 6
479 1
651 10
826 2
847 2
44 4
210 3
390 9
405 8
515 8
578 10
900 10
440 2
429 7
72 4
254 1
653 2
444 10
17 6
1017 4
6 1
276 3
437 3
640 2
846 5
502 3
787 9
76 7
232 1
326 5
607 1
208 4
1011 7
484 8
706 8
496 3
959 7
936 4
854 6
395 1
618 5
160 5
698 7
530 3
771 7
111 10
412 7
592 5
634 1
616 5
929 9
508 4
833 4
952 8
644 9
423 3
290 7
427 10
96 5
370 10
866 10
177 8
898 8
662 10
254 5
744 6
884 10
798 4
928 2
949 10
28 9
258 4
262 1
388 2
416 3
259 9
514 8
986 9
77 5
445 3
284 10
464 5
220 9
372 8
1001 6
101 7
109 10
133 9
230 8
161 6
873 2
419 4
797 9
882 8
339 4
23 3
873 8
948 9
310 7
370 10
559 4
42 8
147 1
434 10
933 2
753 9
809 7
458 6
478 6
177 9
913 6
766 8
291 9
748 3
991 3
105 7
443 6
472 9
651 10
291 7
523 3
103 5
301 5
133 4
218 2
257 7
361 1
629 4
797 9
143 3
842 3
241 3
82 6
85 4
171 1
172 5
341 10
496 4
1023 2
547 10
834 10
157 9
286 7
336 4
393 10
580 5
415 2
468 10
996 1
108 8
125 7
381 7
253 1
970 7
989 1
224 4
404 7
471 10
557 7
940 1
90 9
724 1
761 10
859 7
190 9
210 7
376 7
962 1
949 4
910 6
271 10
477 10
905 9
693 8
869 9
743 2
495 5
259 4
84 5
728 9
858 5
985 4
17 8
213 3
240 5
578 9
340 8
92 4
423 6
940 2
883 8
900 1
76 8
158 4
896 8
909 10
250 2
341 6
548 4
647 1
689 8
533 10
228 8
31 6
156 3
277 7
90 8
865 3
139 4
863 4
827 5
295 7
441 8
976 6
61 6
849 9
702 7
716 1
896 7
997 6
304 6
704 8
983 8
730 1
901 7
583 6
670 7
408 3
111 1
458 4
231 4
967 2
188 1
419 7
443 4
565 7
966 9
36 10
438 2
953 7
133 2
173 8
457 7
765 9
538 5
212 5
402 9
80 4
552 1
114 2
3 1
766 7
976 8
696 7
600 8
449 4
493 10
167 3
181 9
60 8
324 1
115 2
697 8
732 6
32 8
474 5
993 10
258 2
578 10
578 2
418 6
712 9
923 8
935 3
339 8
514 6
669 8
442 5
485 7
124 6
267 6
530 7
866 2
796 4
377 5
551 3
19 6
222 6
818 9
845 8
950 7
408 10
499 5
631 2
874 9
906 6
218 6
319 7
457 9
137 2
545 6
364 7
526 9
963 6
355 9
839 10
480 1
787 7
135 4
705 9
823 4
518 4
285 9
544 9
787 2
510 5
19 3
482 4
474 1
73 1
519 8
744 3
584 7
202 3
914 4
376 5
719 8
111 4
296 1
905 5
182 4
284 1
317 1
589 6
836 4
295 6
696 1
923 7
958 1
59 8
435 4
850 9
876 9
26 5
52 8
288 2
469 7
326 7
438 8
570 9
779 10
65 10
335 1
715 8
991 3
909 2
591 4
755 1
994 6
127 8
468 4
643 3
260 6
485 8
163 7
240 7
377 2
549 7
178 7
889 1
961 5
857 1
89 6
440 8
751 10
1005 5
34 6
293 10
84 6
595 3
515 6
746 3
445 2
588 10
687 1
315 6
772 10
829 7
880 4
1015 4
84 4
448 1
551 3
454 9
907 4
1014 7
897 2
135 1
179 8
371 6
750 9
839 9
733 10
299 2
977 4
149 7
216 8
232 10
901 10
452 4
112 7
143 2
203 8
325 8
526 9
628 4
690 9
541 6
227 7
238 9
134 2
482 2
885 7
38 4
40 9
95 10
936 1
697 1
904 3
982 9
470 5
476 5
529 8
540 5
648 1
9 5
1003 8
772 4
609 4
783 3
790 6
793 10
624 3
704 6
645 1
766 3
960 5
13 5
20 3
24 2
194 2
726 10
1012 5
229 1
470 4
892 5
58 5
77 6
151 4
478 5
931 2
350 4
936 1
185 1
918 3
363 3
961 6
611 3
473 1
539 7
580 3
660 7
902 4
479 1
920 6
144 5
267 6
306 4
559 8
29 9
1015 4
855 9
650 9
743 1
884 6
171 8
438 10
788 7
390 5
410 7
543 2
659 6
168 9
995 10
798 1
852 6
860 5
975 1
49 2
525 3
564 6
320 7
162 2
395 1
143 2
514 1
586 1
396 1
331 6
778 7
195 7
337 9
587 6
689 2
262 2
738 1
837 9
674 6
714 3
1015 5
315 6
51 9
55 4
176 2
187 2
224 10
255 1
345 5
609 4
929 1
964 1
907 4
113 1
877 3
593 3
871 8
1018 9
0 10
723 3
475 1
910 8
544 5
200 9
761 9
956 8
355 8
55 3
759 7
563 10
680 3
983 5
8 2
233 3
585 2
627 10
284 8
802 5
933 3
488 4
571 6
595 10
621 5
726 9
787 2
759 9
272 7
986 5
128 1
722 10
260 5
996 1
67 7
850 5
309 3
401 1
887 2
448 9
952 8
991 2
213 3
436 10
387 6
679 9
816 3
348 7
645 1
653 6
420 5
380 10
951 6
248 9
491 3
357 4
719 1
311 1
106 7
993 7
988 3
105 3
142 7
614 2
486 6
837 8
991 10
91 2
603 2
654 3
435 4
818 6
92 7
234 9
242 8
300 4
611 6
748 7
750 9
858 4
1009 8
522 4
554 2
936 2
250 7
687 10
234 6
747 9
344 1
374 5
461 9
769 5
202 10
69 8
548 3
804 1
55 3
234 1
319 3
414 6
213 1
8 8
584 3
930 3
991 9
993 3
4 4
388 9
404 5
964 9
351 6
513 9
700 9
483 5
1021 6
113 2
51 8
585 9
680 8
732 3
476 5
701 7
813 3
831 5
800 7
66 7
436 6
636 4
826 8
308 1
43 5
195 10
244 1
432 8
216 4
481 1
176 8
377 9
762 5
286 8
20 5
984 2
1004 8
366 2
131 5
618 10
841 8
23 4
670 7
407 7
891 6
933 5
547 8
731 4
724 10
154 2
470 9
307 6
63 10
281 6
537 6
522 3
92 2
1023 10
385 2
479 6
34 7
84 8
218 4
135 3
117 5
418 6
661 4
538 9
85 10
960 8
900 2
43 9
207 1
360 5
535 5
174 1
864 6
134 10
73 2
594 5
919 10
742 7
964 4
241 1
969 10
357 6
1022 3
718 10
900 6
871 5
936 4
967 1
118 7
384 10
585 8
28 2
398 2
392 8
528 10
147 5
906 4
487 4
511 7
80 6
122 2
490 10
983 4
906 2
403 9
551 6
580 8
615 9
564 1
13 1
731 3
957 4
789 4
487 8
836 10
941 1
156 6
258 8
299 7
633 7
978 5
189 9
842 6
375 7
360 9
97 7
67 10
447 1
968 8
750 2
712 2
297 3
667 9
711 7
1008 10
128 3
144 9
552 2
601 2
739 7
75 2
389 1
327 2
470 2
784 4
635 6
515 4
984 10
190 5
368 1
477 5
731 6
817 8
808 8
63 7
155 8
935 6
957 2
934 4
82 6
83 2
112 9
501 4
800 8
592 6
731 10
20 10
830 8
434 6
606 9
295 9
100 3
1013 9
12 1
164 7
296 3
400 9
360 10
561 9
707 4
975 6
998 6
622 9
683 9
677 9
982 10
1007 10
167 4
248 9
558 6
674 4
740 1
272 5
542 10
152 10
108 5
766 7
533 9
792 8
38 9
880 5
17 4
107 7
372 2
302 1
424 9
320 5
1009 8
749 5
851 6
402 5
304 6
98 5
505 2
590 10
632 6
939 9
57 7
1016 4
50 3
118 5
454 7
762 1
958 2
331 4
529 8
144 8
860 10
408 8
582 10
42 2
534 3
10 3
885 1
68 1
252 7
394 1
790 8
99 1
914 5
817 10
887 3
968 10
105 2
679 7
589 9
153 1
340 4
483 6
486 2
552 4
379 4
335 6
264 3
243 8
871 7
79 10
521 5
1017 1
337 5
166 8
270 10
16 8
239 8
23 7
868 9
2 6
471 6
56 5
766 3
218 7
975 7
26 5
117 2
302 2
306 3
923 6
619 5
51 7
356 1
295 1
988 7
1017 6
87 1
160 4
252 7
271 4
344 3
415 1
876 4
552 5
982 8
753 3
819 4
520 7
790 8
808 10
865 5
137 7
203 6
285 2
301 2
506 5
708 9
758 6
649 10
140 2
458 6
865 7
32 10
88 5
206 10
434 10
5 8
816 4
981 7
578 3
385 2
433 5
579 8
195 9
115 1
942 6
880 3
921 5
43 4
525 1
863 4
192 5
903 6
209 7
558 9
975 8
402 4
985 5
248 10
512 8
712 4
322 10
5 2
850 9
861 2
94 4
284 2
542 8
556 9
979 6
572 6
566 10
910 5
917 8
207 6
451 3
557 10
980 6
525 1
855 8
767 8
664 2
185 5
382 5
831 9
828 7
963 1
36 2
183 5
323 1
594 8
695 5
995 3
355 3
867 1
987 7
116 10
208 9
895 5
171 7
826 7
293 3
957 9
724 7
872 10
927 10
467 2
793 8
15 6
480 9
500 6
950 4
462 5
561 4
766 5
826 9
630 5
907 3
898 10
280 5
498 8
142 4
474 8
641 1
671 4
456 4
561 3
594 8
24 8
97 6
332 3
358 10
382 1
447 7
461 5
684 10
586 3
858 9
183 10
999 7
108 10
870 8
943 3
245 9
499 8
582 10
716 4
85 1
1 8
784 10
435 10
743 9
578 10
757 8
336 6
528 8
896 8
145 6
323 6
528 4
619 5
623 5
711 10
726 9
963 8
560 5
373 4
153 2
503 2
634 5
104 3
296 2
851 2
1013 7
80 2
169 2
240 6
509 6
638 6
194 4
88 5
967 8
770 8
865 7
872 7
476 2
683 3
785 6
197 10
39 2
27 6
359 5
451 6
506 8
661 4
615 3
137 10
976 8
874 10
74 10
144 10
174 10
621 2
586 1
992 5
24 6
205 10
391 3
432 4
437 9
575 8
633 4
657 1
708 8
12 1
287 10
942 3
981 2
430 10
498 7
667 5
35 8
399 1
876 8
889 5
986 1
664 2
561 4
850 10
365 3
527 3
467 1
124 10
949 2
911 10
34 1
408 1
696 9
491 4
988 8
573 8
197 3
8 4
47 5
255 1
594 5
717 9
823 9
242 3
847 10
751 5
857 5
61 1
106 7
119 5
270 1
466 7
802 6
283 7
840 2
269 9
547 9
659 4
740 6
437 10
977 10
988 4
86 1
382 1
206 9
498 6
351 10
959 10
21 6
127 3
570 10
618 9
651 9
669 6
968 10
70 8
395 2
738 9
825 8
648 5
594 9
182 6
492 2
131 4
432 2
57 8
605 2
722 1
863 8
850 5
920 5
759 4
834 9
690 5
58 9
222 5
687 7
571 8
633 5
305 6
560 6
805 10
740 5
363 9
293 10
823 2
970 10
481 4
151 10
526 2
262 5
456 3
181 7
196 8
234 2
359 2
467 9
519 8
695 4
821 4
857 8
662 10
15 2
461 5
42 9
375 2
427 9
528 9
906 8
776 6
499 5
248 4
629 3
694 3
817 5
818 7
841 7
247 1
300 3
396 6
673 10
707 2
413 1
502 3
19 7
970 2
320 10
467 6
827 1
605 2
448 7
928 4
1009 9
452 10
812 9
83 4
232 10
470 6
689 9
128 4
952 5
51 3
171 2
268 5
1014 3
835 8
549 6
200 7
649 4
746 8
74 6
810 7
779 5
933 9
1021 6
317 5
640 1
161 3
615 3
841 7
829 10
893 9
1023 9
444 1
559 5
598 10
612 1
677 2
678 8
393 5
574 8
709 9
529 8
843 10
906 8
898 8
311 7
626 8
239 1
270 6
972 9
5 2
506 2
717 9
816 4
314 2
21 9
919 9
846 8
997 4
150 4
402 3
588 5
745 3
177 4
972 2
108 1
30 3
443 2
911 3
928 5
126 4
300 3
498 7
512 1
938 1
916 8
218 5
820 3
800 5
724 4
921 7
278 5
284 6
349 8
365 1
351 3
35 8
124 1
0 8
443 3
677 8
134 2
192 10
637 3
609 10
691 8
252 3
674 10
945 10
738 6
102 7
489 5
807 1
566 3
729 7
260 10
896 5
954 9
56 5
109 6
294 9
379 6
285 2
22 8
33 9
587 2
163 6
463 5
495 1
752 2
808 3
280 6
251 2
1018 8
84 3
929 7
522 2
507 1
271 3
721 1
449 2
846 5
211 4
410 4
965 3
636 10
944 9
346 4
926 6
956 1
142 2
146 2
171 2
604 2
771 6
291 4
436 10
941 7
733 5
146 2
656 6
936 6
487 9
159 10
872 9
184 10
337 5
353 8
50 1
984 1
145 3
175 8
225 4
608 1
828 5
1013 4
398 3
980 6
191 4
406 4
838 8
696 7
885 5
269 1
692 8
440 7
263 7
725 2
909 10
937 8
533 4
673 8
832 10
121 7
874 8
117 1
906 9
936 1
93 4
220 1
374 5
455 2
943 3
913 5
124 2
193 4
665 10
779 6
775 2
691 1
178 2
727 10
355 9
319 6
106 2
697 7
1002 1
113 5
281 2
351 8
625 4
736 4
110 2
970 9
983 10
18 2
11 4
74 7
821 6
323 8
730 3
433 4
18 7
230 8
443 7
589 1
637 10
689 9
263 2
715 5
709 6
781 4
782 2
864 8
874 8
657 4
957 7
898 9
725 4
745 4
831 3
560 8
442 8
309 3
55 4
268 9
380 4
533 4
482 7
384 2
235 4
286 10
349 5
719 2
897 10
530 10
692 10
383 9
524 9
552 3
661 8
747 8
316 9
932 2
688 6
824 5
135 10
303 4
523 1
540 2
878 3
567 3
952 7
848 10
136 9
212 8
382 8
431 6
132 1
929 1
999 8
244 4
680 6
899 5
213 4
0 6
714 4
808 5
549 2
66 6
411 4
470 6
76 10
1006 10
612 4
349 6
121 8
181 3
233 7
597 8
592 7
458 4
879 8
992 7
174 10
462 8
357 8
162 8
188 4
824 8
214 4
286 4
636 8
649 3
735 3
374 9
297 4
178 10
264 9
876 9
6 4
777 10
957 8
968 2
21 9
422 7
532 2
857 5
343 10
736 6
189 5
993 9
638 2
880 7
177 9
656 3
820 5
623 2
503 5
212 10
480 5
60 4
165 7
641 4
814 6
705 8
482 8
716 7
929 3
939 9
189 6
216 7
257 3
538 4
574 7
658 3
253 2
1010 6
940 3
1015 9
160 6
538 5
351 3
281 6
611 6
261 6
890 6
1018 1
137 7
607 1
406 1
570 7
829 10
393 2
971 10
99 5
322 8
867 4
674 2
987 9
878 5
1017 2
26 5
139 10
671 9
745 1
888 7
912 1
107 6
923 3
979 8
452 8
516 4
614 1
763 3
564 2
513 10
447 7
117 5
346 3
734 2
609 6
105 8
373 9
910 2
21 6
1002 5
590 6
2 4
679 2
871 9
749 3
771 5
532 8
997 10
791 4
352 4
610 6
649 10
791 6
393 8
595 5
705 3
480 7
509 2
669 4
730 1
760 2
898 1
734 1
779 4
892 6
28 10
516 5
617 8
560 9
897 8
384 4
422 7
879 1
472 1
984 1
315 4
17 9
130 9
157 5
359 6
803 9
923 9
282 4
414 1
120 9
323 5
687 1
691 2
585 2
924 3
258 5
328 1
114 2
111 6
891 7
784 1
35 5
513 6
820 6
370 4
845 3
449 7
899 3
344 9
835 3
989 2
486 5
890 9
372 1
150 5
304 3
221 10
229 8
265 7
884 10
610 10
480 9
73 10
129 1
117 3
594 8
44 5
80 4
176 9
550 4
112 3
619 5
221 4
678 9
61 10
540 10
269 9
343 7
688 4
848 2
998 6
3 8
630 10
674 10
421 8
830 4
269 9
538 2
708 7
998 10
185 8
238 8
553 8
754 6
631 6
5 9
955 4
267 10
869 5
911 7
974 10
752 8
671 8
1012 6
69 2
554 6
699 7
504 10
56 4
138 10
244 2
330 7
160 9
885 9
137 3
132 1
501 3
507 3
951 4
509 2
185 4
387 4
578 3
22 1
747 8
890 1
11 7
332 3
509 10
791 2
829 9
906 7
919 8
187 8
459 1
783 4
124 6
191 1
804 2
486 8
716 1
546 2
116 10
182 6
420 2
669 7
853 10
608 9
376 6
96 1
775 8
181 7
732 5
990 7
967 3
735 6
721 5
154 3
11 10
88 9
688 1
342 8
46 6
542 1
711 6
839 8
203 9
826 1
570 7
644 6
993 9
438 1
573 3
745 1
778 4
764 9
490 3
215 8
527 4
560 1
646 2
890 3
289 5
173 1
78 9
994 5
16 4
132 1
699 9
508 10
279 9
537 10
198 10
407 9
447 1
841 8
960 3
779 1
346 10
102 1
698 2
1022 9
146 8
565 3
578 5
854 10
919 2
1012 7
808 10
592 1
786 8
2 8
536 1
209 3
272 5
379 2
778 10
686 7
861 10
902 9
366 2
866 2
231 5
927 10
32 4
119 3
253 7
630 4
635 5
315 2
875 9
877 2
353 4
265 3
283 5
283 1
569 9
67 4
159 5
952 10
301 1
585 5
987 5
58 7
69 3
211 6
813 7
822 8
740 1
416 8
796 6
152 8
502 6
696 6
843 8
126 8
701 8
995 8
53 3
60 9
307 9
544 3
563 5
726 4
1022 10
852 10
504 9
534 7
785 5
569 1
543 10
579 9
138 3
112 8
453 8
824 6
929 8
349 6
7 8
353 7
602 6
825 6
895 6
568 9
480 10
607 4
819 7
845 2
52 9
797 10
816 8
730 9
385 9
697 8
782 4
748 5
902 10
789 10
894 1
938 1
147 3
293 7
151 8
769 2
226 9
690 4
570 5
822 5
210 2
608 4
846 1
94 5
750 5
675 9
989 4
50 2
156 3
326 10
928 9
974 5
311 8
827 7
62 2
112 5
369 6
565 3
756 3
815 7
849 8
437 2
543 2
332 3
852 4
109 10
367 6
637 9
943 2
605 2
986 4
36 10
686 1
960 7
147 1
327 10
100 10
251 8
490 5
492 4
719 3
763 9
680 3
757 10
752 2
268 6
490 9
844 5
916 7
560 4
276 7
186 10
1018 9
211 1
344 7
756 7
763 3
704 10
920 9
963 9
179 8
350 7
965 5
499 10
719 6
81 6
221 9
465 4
740 10
827 3
203 3
976 8
58 1
249 7
606 8
751 1
455 4
685 1
577 10
934 10
696 6
233 1
876 4
266 6
949 6
796 6
104 3
950 10
20 8
199 7
430 8
835 7
329 4
320 7
912 8
266 1
288 6
439 8
551 8
152 5
295 5
558 3
437 7
676 6
3 8
212 6
932 5
355 4
504 1
77 3
901 1
731 8
312 5
354 10
66 8
20 8
125 10
769 8
563 7
610 8
600 2
582 1
79 9
722 5
186 7
484 9
915 10
610 3
340 7
289 8
436 7
643 7
30 6
797 10
37 2
52 3
218 1
787 10
520 6
103 5
281 8
508 6
759 8
801 8
395 8
867 9
254 3
548 10
27 10
318 9
924 6
45 3
377 8
668 7
1021 3
224 9
19 5
301 3
562 6
733 5
968 7
254 4
376 8
312 7
952 6
662 5
895 4
840 7
545 10
329 6
795 9
257 3
725 7
870 3
218 3
295 4
443 1
744 5
724 4
242 9
924 9
737 4
395 7
803 4
584 2
333 10
353 5
486 10
811 1
928 2
666 4
815 6
107 5
746 9
992 9
618 3
887 8
926 1
306 6
573 2
480 2
5 4
3 10
51 1
468 8
152 10
536 1
302 10
381 7
511 10
765 6
1011 3
443 3
291 7
871 6
206 3
544 6
779 3
977 10
967 9
614 9
385 4
684 2
773 10
491 4
872 9
