256
0 6
6 5
11 4
15 7
22 3
25 4
29 4
33 5
38 5
43 7
50 5
55 6
61 5
66 5
71 5
76 6
82 3
85 10
95 4
99 7
106 5
111 7
118 5
123 8
131 8
139 7
146 6
152 5
157 7
164 6
170 5
175 7
182 5
187 8
195 5
200 9
209 12
221 12
233 5
238 3
241 4
245 10
255 3
258 7
265 7
272 5
277 8
285 6
291 7
298 6
304 10
314 7
321 6
327 3
330 6
336 6
342 6
348 5
353 3
356 4
360 10
370 7
377 4
381 3
384 6
390 5
395 9
404 6
410 5
415 7
422 12
434 4
438 4
442 7
449 7
456 8
464 6
470 7
477 5
482 8
490 4
494 7
501 5
506 8
514 8
522 6
528 4
532 6
538 5
543 6
549 3
552 9
561 4
565 4
569 4
573 6
579 7
586 5
591 6
597 7
604 6
610 4
614 5
619 3
622 4
626 7
633 6
639 6
645 8
653 3
656 5
661 5
666 6
672 5
677 6
683 3
686 8
694 5
699 5
704 7
711 9
720 9
729 6
735 7
742 8
750 4
754 6
760 5
765 3
768 7
775 4
779 6
785 6
791 7
798 6
804 7
811 6
817 4
821 7
828 7
835 11
846 8
854 5
859 7
866 5
871 10
881 6
887 4
891 7
898 7
905 8
913 5
918 5
923 8
931 7
938 11
949 4
953 6
959 7
966 7
973 2
975 7
982 8
990 3
993 8
1001 4
1005 9
1014 6
1020 8
1028 3
1031 4
1035 8
1043 5
1048 6
1054 5
1059 8
1067 4
1071 2
1073 7
1080 6
1086 5
1091 5
1096 8
1104 3
1107 5
1112 6
1118 7
1125 4
1129 8
1137 5
1142 6
1148 6
1154 7
1161 8
1169 6
1175 5
1180 3
1183 8
1191 7
1198 6
1204 6
1210 9
1219 6
1225 7
1232 3
1235 7
1242 7
1249 8
1257 7
1264 5
1269 3
1272 9
1281 8
1289 6
1295 5
1300 5
1305 5
1310 7
1317 6
1323 5
1328 6
1334 5
1339 5
1344 8
1352 7
1359 6
1365 3
1368 7
1375 5
1380 2
1382 4
1386 8
1394 7
1401 5
1406 5
1411 7
1418 6
1424 8
1432 7
1439 8
1447 6
1453 6
1459 5
1464 3
1467 6
1473 6
1479 6
1485 6
1491 7
1498 4
1502 3
1505 6
1511 6
1517 5
1522 2
1524 4

187

1528
0 7
0 7
50 10
182 8
46 4
153 10
20 8
30 10
26 10
68 9
108 8
33 9
130 2
75 5
248 3
18 8
168 6
231 4
140 2
36 6
107 5
167 7
161 5
127 1
63 7
46 9
200 3
200 9
175 6
141 6
239 4
203 1
158 1
91 8
24 3
137 1
223 5
231 3
138 1
131 8
81 2
138 4
251 7
70 8
76 2
17 6
39 10
150 10
218 5
227 1
132 2
219 1
114 10
46 3
122 6
84 4
215 3
117 3
164 1
231 9
241 2
128 10
162 5
112 6
160 3
228 10
140 8
19 7
50 10
108 4
234 6
173 6
136 5
122 4
77 8
207 8
75 5
62 10
234 5
76 10
131 3
135 5
45 3
194 1
120 3
157 10
78 4
9 6
158 7
139 8
142 1
204 10
214 10
230 8
230 2
3 8
134 8
206 10
182 7
13 7
220 10
37 9
78 9
201 2
64 7
130 2
1 8
208 8
217 9
193 10
240 7
214 5
94 10
135 3
70 9
43 1
103 1
120 10
252 10
91 5
49 7
76 6
218 3
144 4
239 1
114 7
81 9
85 9
98 6
149 10
196 8
7 3
44 5
121 6
66 10
57 6
100 7
154 10
245 9
31 3
253 6
244 9
79 4
29 3
213 9
225 7
1 10
33 2
86 1
35 8
174 6
203 7
199 2
242 10
150 2
124 3
132 7
132 8
169 5
53 1
38 7
114 1
211 2
236 10
225 9
250 2
25 3
48 3
87 7
214 9
1 10
198 8
31 8
184 5
113 4
25 3
30 8
97 1
151 9
77 3
92 9
139 6
147 2
255 1
94 3
119 7
238 1
2 9
26 2
37 3
93 7
95 4
149 9
158 5
162 8
152 8
47 6
104 2
128 5
193 2
134 1
26 8
70 9
102 5
107 5
177 4
185 6
213 2
220 2
3 6
110 6
197 8
112 10
94 7
100 2
146 1
151 3
162 3
209 1
213 1
226 2
19 9
33 3
186 6
203 10
173 10
52 7
108 3
143 7
195 4
197 1
229 4
246 5
28 7
165 7
124 9
137 10
247 7
52 3
9 10
79 3
255 4
122 9
79 1
121 1
174 1
209 2
88 9
218 9
72 6
89 1
198 6
238 1
241 9
249 6
138 3
238 9
242 1
139 9
21 1
187 10
45 4
68 5
70 1
95 10
24 5
59 6
105 6
162 8
46 5
56 9
92 9
16 3
43 4
226 5
76 9
178 2
5 9
44 5
0 4
10 3
164 2
63 6
195 10
207 2
34 6
221 5
201 3
233 9
131 10
179 5
29 3
188 9
154 7
66 4
155 2
243 6
252 9
22 7
84 5
100 4
59 6
71 3
189 2
0 10
175 9
191 2
13 10
74 10
97 8
193 9
209 7
233 1
236 3
206 3
237 2
222 8
53 3
81 7
155 3
162 1
39 3
183 7
37 7
235 5
96 2
166 6
28 1
51 3
143 6
105 5
142 9
212 9
159 9
235 7
251 6
66 7
112 9
65 4
172 8
61 2
159 8
44 9
252 8
168 1
207 3
121 8
192 10
145 10
198 4
24 6
131 5
216 5
116 6
59 7
147 3
44 6
58 7
49 6
92 5
186 10
235 8
198 6
85 2
115 1
116 2
135 1
141 9
171 9
255 7
184 1
253 8
55 2
69 8
127 5
147 6
245 4
15 10
190 6
108 3
205 9
46 6
4 7
81 2
171 2
19 7
70 6
171 5
228 6
237 3
55 4
145 2
184 6
120 9
202 6
24 10
48 4
55 7
216 9
124 6
211 10
121 8
185 10
193 1
212 5
155 2
145 10
68 6
126 5
150 10
67 6
43 5
1 9
98 4
211 2
217 7
150 6
217 8
61 8
180 8
195 9
215 10
9 8
21 9
64 6
43 1
189 9
135 9
35 9
117 4
126 9
188 6
233 5
242 6
49 3
187 5
174 8
178 10
149 7
41 6
74 7
238 3
164 2
113 10
133 3
188 6
212 2
239 1
253 3
72 7
178 9
50 10
80 10
198 2
216 5
237 4
2 5
15 5
227 6
172 4
197 2
251 1
111 3
140 8
9 2
159 8
15 10
45 9
22 6
150 10
202 6
31 3
208 10
14 8
101 8
138 1
191 8
17 4
19 9
232 1
113 8
145 7
25 4
40 1
39 3
165 5
211 10
90 5
131 7
206 6
74 10
224 4
141 10
212 5
8 2
23 9
51 7
63 2
204 9
215 6
241 8
205 6
217 4
83 7
133 10
218 5
106 9
82 7
122 1
173 10
211 3
217 3
224 9
249 3
11 4
49 5
145 3
200 4
199 6
195 2
211 6
218 8
60 2
246 9
225 2
23 9
244 4
118 2
26 1
87 8
178 6
120 2
86 8
29 7
127 6
224 2
192 6
115 6
41 9
247 1
222 10
135 10
175 6
238 1
193 6
190 2
41 1
129 5
184 3
112 5
79 5
202 2
7 8
22 5
157 1
129 6
99 6
161 4
193 10
198 3
208 9
59 5
31 9
240 6
44 9
33 7
227 9
191 10
220 1
21 10
36 7
159 3
32 3
33 4
121 10
136 6
43 10
100 7
255 5
52 2
190 6
133 1
103 2
132 1
140 9
144 2
31 1
157 8
50 8
252 8
186 9
174 4
192 5
68 4
23 6
125 1
178 5
91 6
220 9
137 1
106 4
145 9
138 4
222 4
49 4
36 2
24 7
95 7
147 6
181 2
201 5
201 3
77 8
109 8
193 7
155 8
35 5
211 9
160 9
96 2
21 1
159 7
34 2
216 9
116 8
175 4
44 6
54 5
155 1
148 2
121 7
124 6
213 1
83 9
99 4
116 6
180 7
108 3
246 1
119 6
205 10
35 5
3 5
176 1
245 3
62 3
1 8
106 3
13 4
37 3
114 2
123 8
244 10
245 9
185 1
101 8
36 6
172 8
114 4
130 3
212 2
75 3
143 5
194 5
196 4
222 1
36 10
55 9
90 5
241 3
12 6
223 6
30 4
73 10
78 8
155 7
139 6
10 10
23 7
110 4
252 4
28 1
108 2
87 6
60 1
145 1
58 6
104 8
106 6
60 2
132 8
117 5
174 1
188 9
116 5
70 4
11 3
123 10
177 8
85 2
195 5
132 2
153 10
232 9
107 6
248 8
143 4
32 7
211 5
153 4
162 1
16 3
86 2
200 2
21 10
65 9
142 6
170 2
183 3
221 9
24 6
66 8
95 10
105 7
40 1
56 8
207 2
154 5
158 6
14 4
40 9
83 1
166 4
10 6
125 3
231 1
108 8
117 10
157 1
170 3
200 10
214 6
27 3
66 6
105 6
205 2
208 9
38 9
217 8
247 10
122 3
247 2
98 1
172 1
70 9
67 5
182 6
182 9
234 2
248 6
4 1
87 6
61 5
140 1
245 4
12 10
151 1
34 5
91 6
222 2
129 4
129 4
149 3
89 5
172 2
2 2
171 8
19 2
110 3
8 8
47 10
57 5
15 3
79 7
192 7
10 2
28 8
116 8
96 1
27 7
118 2
96 1
82 10
73 3
166 9
189 8
194 10
227 7
18 8
35 1
156 9
136 2
167 5
236 2
21 3
70 9
15 5
88 10
161 9
60 1
163 7
14 5
95 6
134 2
138 2
185 4
155 5
7 1
99 1
251 7
38 10
8 1
42 3
136 2
201 10
8 4
99 4
77 1
43 9
113 6
31 6
194 9
17 8
158 2
207 6
3 2
13 8
127 1
140 7
140 7
96 9
75 8
224 6
186 9
192 5
201 9
6 6
60 9
248 6
240 1
80 10
157 3
217 8
225 7
54 9
17 1
120 6
200 10
235 8
53 6
111 5
119 4
168 10
37 7
235 2
191 7
23 4
96 2
156 8
220 9
191 4
57 10
65 2
67 10
84 3
99 9
185 3
115 1
78 7
163 5
176 4
146 1
146 1
223 6
36 1
168 1
244 5
32 2
58 3
61 6
100 6
105 2
179 5
162 4
239 6
163 5
155 5
254 3
72 7
129 3
33 9
237 4
23 10
166 9
223 2
27 2
69 6
67 10
9 10
76 10
180 10
230 8
237 7
31 9
128 1
36 3
239 1
156 5
34 8
239 1
236 4
192 8
224 5
213 3
118 10
0 10
119 4
204 10
226 3
248 5
251 10
48 7
24 10
121 5
186 2
190 10
227 2
240 9
67 2
102 8
105 1
113 7
48 2
136 5
51 3
148 5
158 9
167 8
243 1
134 9
144 8
248 10
151 5
17 10
91 1
97 8
141 3
188 4
123 1
6 1
17 7
121 6
139 2
33 5
155 9
169 2
54 9
76 8
94 3
55 8
231 9
103 7
209 7
12 3
102 9
4 5
135 9
175 4
91 4
205 3
229 6
230 5
12 5
44 8
148 4
36 3
33 8
51 1
119 1
184 3
148 5
135 7
145 5
46 2
73 2
11 1
212 4
188 3
190 2
166 1
186 9
38 7
79 5
201 8
171 4
122 4
133 9
149 9
213 3
52 6
237 1
164 1
187 3
205 1
134 5
188 8
173 1
3 7
155 8
186 1
3 6
56 1
143 10
199 8
146 1
209 8
183 1
249 10
28 5
207 10
158 2
123 3
120 2
206 8
243 4
64 2
64 5
130 8
165 4
211 9
60 9
231 7
252 6
55 8
75 4
110 8
125 1
129 2
14 6
37 10
167 1
197 3
83 10
221 2
41 1
98 4
71 8
26 6
116 1
50 9
161 4
88 6
104 4
5 6
199 1
203 7
250 10
223 4
145 4
233 2
107 1
35 4
117 8
74 9
86 6
98 5
71 10
45 2
179 3
236 5
148 5
178 3
47 5
202 8
182 1
224 9
106 7
69 8
238 5
248 4
150 10
100 2
208 10
210 1
190 6
215 8
0 8
179 1
228 2
126 6
18 7
126 9
205 3
250 3
52 7
168 1
120 3
30 5
61 1
65 6
89 3
162 3
109 1
136 4
145 3
66 10
35 6
246 5
37 6
60 10
97 9
154 2
167 1
164 9
140 9
43 10
71 5
166 3
241 6
48 9
157 4
164 3
167 8
70 6
73 6
253 2
116 9
70 9
246 8
49 2
232 6
133 8
62 6
89 2
96 6
164 2
154 10
181 6
50 2
93 10
77 8
143 7
144 4
239 5
87 6
98 5
56 10
152 8
140 5
131 7
238 9
20 10
89 6
102 7
34 2
50 9
91 10
66 1
232 4
16 1
139 9
224 5
207 5
111 5
133 10
118 5
84 2
37 4
46 10
69 9
219 3
111 4
23 8
36 8
75 2
173 3
218 3
235 5
37 1
227 1
215 5
30 8
57 4
60 6
41 6
74 2
91 3
221 3
27 2
84 6
168 8
235 9
175 1
251 3
5 3
5 9
84 4
120 2
142 10
123 10
19 2
47 3
101 5
101 3
138 10
165 8
140 9
244 4
232 2
77 6
90 2
179 8
221 5
65 6
210 6
6 1
37 10
175 7
236 9
26 7
208 4
234 2
81 9
17 10
153 10
82 6
107 10
124 2
62 9
161 3
182 3
166 1
18 10
51 3
246 6
232 8
79 6
170 8
225 8
56 3
121 2
169 10
194 5
139 6
14 8
46 2
223 5
20 8
77 10
124 9
181 10
91 9
203 4
223 3
41 2
168 8
159 7
50 7
36 1
181 1
219 4
202 6
66 10
79 10
102 9
119 5
171 9
28 2
83 3
84 6
68 2
54 9
67 5
164 4
80 5
73 2
110 2
231 7
241 7
153 3
166 3
35 2
36 1
105 1
25 9
21 5
239 10
17 10
123 6
29 9
11 3
69 10
181 8
81 6
197 5
66 9
104 9
74 5
57 5
220 9
20 9
69 7
69 8
82 4
124 8
83 3
141 8
41 9
197 3
82 5
22 3
9 5
84 8
10 1
196 3
210 4
237 6
234 1
19 10
99 9
144 9
93 1
35 2
216 9
47 5
198 3
202 5
173 2
120 9
51 8
88 10
129 2
111 1
99 4
7 5
112 6
146 6
176 4
207 5
208 3
149 2
231 5
80 4
87 2
140 6
194 5
83 9
179 9
152 5
29 9
85 2
206 8
240 4
25 7
141 7
45 5
153 3
36 2
75 6
93 9
197 1
154 2
9 1
133 7
245 3
182 2
64 6
12 10
244 5
247 7
37 4
161 6
150 8
17 8
161 5
17 2
3 4
123 1
159 9
212 7
11 9
223 5
7 3
171 7
78 1
189 6
206 8
118 9
240 4
201 2
193 4
47 9
176 2
50 1
242 1
70 5
15 5
219 1
126 2
13 6
203 2
52 5
60 8
143 2
197 5
199 9
142 8
54 7
152 4
203 9
134 2
50 3
178 5
28 10
51 2
149 4
166 1
219 6
74 4
150 7
64 3
253 9
42 9
89 1
180 5
192 9
32 1
41 1
72 3
6 4
23 1
148 6
151 1
152 1
214 10
191 5
73 1
92 6
141 1
225 4
232 4
154 9
20 7
112 3
187 6
41 9
212 7
81 8
11 2
27 10
233 1
70 6
247 3
42 1
155 1
170 4
48 6
25 9
85 4
201 4
228 5
108 10
146 5
109 9
127 4
107 3
61 4
227 3
24 9
85 9
189 8
206 6
37 5
106 1
185 5
88 1
125 2
242 3
38 7
228 7
124 10
119 8
141 6
156 10
180 4
2 3
126 6
153 5
83 3
41 6
168 10
254 10
29 2
175 10
182 3
75 1
137 7
199 3
54 6
153 10
8 7
22 10
56 8
97 8
114 4
171 6
48 9
25 6
61 8
188 2
237 9
73 3
148 3
249 10
32 1
40 4
60 7
95 5
