499.138201, 124.313267, 206.693315, 36.534644
433.169415, 25.737614, 95.860117, -217.124866
293.808601, -208.017463, -159.343063, 134.180919
579.066416, 477.792587, -205.048982, 151.406184
515.694843, 129.184137, -280.941893, 135.390330
655.450061, 413.169352, 272.028439, 549.518328
362.402138, -325.212570, -197.052376, -111.908440
387.781376, 22.581212, 309.082232, -193.872646
624.754442, 393.958877, 498.549963, 284.945644
385.639314, 97.551873, -284.755467, -194.353727
319.876958, -104.113504, -234.816990, 268.151590
489.533562, 215.805154, 296.259465, -57.971056
349.160596, -314.048868, -122.390608, 92.933698
427.842510, -384.636541, 95.731252, -131.349178
385.226088, -345.889599, 85.854654, -265.800463
425.394567, 24.490702, -68.172170, 193.758160
454.428897, 25.328055, 101.948404, 381.480863
470.455881, 207.884641, -76.176554, 33.578600
494.237975, 28.454137, -79.204761, 225.114865
347.437045, -45.137405, -123.275748, -307.491677
457.992754, 289.109150, 102.003079, 296.036176
292.310165, -38.133863, -103.586355, -202.725545
389.799851, 322.952509, -213.830610, -346.182898
444.529046, 281.460832, 353.792521, -222.954136
441.137356, 109.485411, -70.484286, 369.714217
380.501503, -342.808998, -60.032683, 247.200084
326.451691, -230.901157, 135.414464, -162.774204
324.486471, -167.400967, -176.258781, 85.869670
404.977052, -363.623738, 90.256517, -279.428344
506.071863, 416.622121, -81.456716, 423.381366
562.680004, 464.423226, -414.880945, 254.412579
298.183189, -210.672586, -219.190025, 21.827631
391.525242, 172.346481, 162.144788, 103.443945
364.303793, -118.542223, 81.388775, 27.087608
407.133399, -132.754028, 325.183042, -47.167901
327.182029, -231.994062, -177.147693, 274.764175
484.536548, 399.873914, -449.994845, 311.689294
345.972753, 20.115389, -320.617388, 289.519745
406.353227, -132.555198, 246.743586, 30.568354
313.471368, -221.474001, -230.428138, 22.946757
390.878206, 247.048421, -62.932520, 252.317414
361.145636, -323.624196, -127.567827, -318.823973
399.300382, -52.891903, -64.359750, -47.347200
325.303668, 82.211038, -115.530381, -225.955198
433.605376, 24.320990, 346.347160, 115.385866
496.159628, -352.575005, 207.116220, 322.730589
380.899637, 169.102182, -62.341159, -264.605617
424.362464, 23.578664, 339.145305, 194.207416
465.231078, -152.510580, 283.098731, 302.316694
500.394241, -356.063499, 305.129251, 421.554635
341.352911, -44.898725, -120.662584, -105.999047
447.151707, 284.101608, 98.049911, -396.110992
564.603244, 355.964149, 342.430535, 365.428407
391.525242, 172.346481, 162.144788, 103.443945
336.692204, -108.390029, -312.661738, -104.824657
546.917565, 451.745786, -298.823468, 38.004681
423.853949, -382.272625, 14.638409, 356.743047
463.631771, 115.841758, 369.356100, -232.043912
524.510396, -70.945026, 218.074042, 239.864967
393.330267, -52.088944, 237.997477, -271.925519
558.168144, 353.121582, 444.471663, -173.052445
341.824274, 217.599187, -318.234799, -172.776196
393.272750, -352.954018, 12.180867, -271.526963
479.960333, -432.425933, 292.033152, 36.896716
546.296695, 136.421316, -88.003974, 143.906122
540.343354, 30.525236, 327.900068, 143.558305
538.958890, 340.909479, -87.008031, 244.660734
416.408983, -54.937329, -386.288244, 109.381361
529.329349, 437.170454, 420.636012, -468.510525
268.803454, -189.540732, -94.936987, -185.980604
403.132252, -362.150044, -141.672771, -47.105704
505.934763, -164.134385, 403.444438, -349.277035
371.188148, 92.545768, 295.868110, -114.690549
431.885369, 274.276907, -401.506099, 29.845959
342.575386, 86.626291, -56.087295, -303.406644
489.174529, -64.659337, 108.447365, -244.933387
428.873731, 189.123452, 13.027423, 112.941325
360.399434, 228.469121, 148.496661, -181.065298
412.880196, -214.854205, 330.831535, 347.785891
332.066030, -298.717252, -179.955404, 151.831641
305.327172, -215.464169, -107.699606, -152.783173
637.865890, 34.775051, 510.317774, 536.292874
495.032467, -65.754686, 394.552231, -342.023814
613.032500, 269.710089, 19.153406, 396.294248
344.291997, -310.186409, -54.319818, 223.675886
530.936643, -71.292478, -288.116398, 445.046397
296.295635, -209.059565, -274.779413, -35.187455
352.750392, -180.831423, -192.563179, -311.964974
425.431680, 24.396607, -231.034120, 356.392223
504.408186, -260.628271, 306.052098, -154.974309
261.965722, -234.854249, -42.269887, -231.149346
350.520799, -248.993293, 280.557139, 94.033316
454.015128, 26.850487, -73.358417, -54.075825
369.229049, 304.654004, -130.745004, 96.540846
423.258544, 26.136450, -393.568566, -213.280052
310.712406, -41.198808, -109.555497, 22.525452
491.614450, 217.741578, -80.032260, -153.219568
567.102112, -77.069082, 127.456511, 476.359963
376.999493, -194.492176, -204.783487, 99.766323
388.237377, -275.080619, -210.380088, 251.668860
399.429539, 329.332213, -217.715204, 257.292767
435.656184, 275.009130, 97.028330, 281.598321
444.855166, 282.457312, -157.937828, -139.069964
419.890409, 266.869858, -390.541151, -51.403456
471.991614, 116.385993, 286.838102, 396.388085
632.306253, 156.568891, 383.724245, 288.771562
262.814837, -235.951490, -92.479510, -81.037479
420.325824, 186.546560, -149.253274, -211.682544
371.252534, 21.860468, -202.106374, 97.659664
536.637122, 338.274455, 222.718049, 449.907555
297.489569, -266.869690, -47.868902, -205.528177
597.152371, -81.013333, 362.872269, 273.343132
548.734681, 348.070733, 120.796576, -275.920706
490.576100, 216.330786, 390.838056, -151.839293
321.624860, -166.183922, 195.147434, -98.815982
548.341192, -389.655642, 228.898823, 356.672462
294.367024, -208.293775, 9.390049, -34.295469
329.427594, -170.528699, 10.811740, 150.713089
534.759914, 440.547813, 425.851672, -63.653756
438.368356, 361.919711, -155.418373, 30.653187
318.330889, -286.086726, 193.132624, -219.363996
439.535743, 361.551165, 182.059581, 284.074403
441.065271, 26.258082, -155.887112, -52.728201
235.227278, -210.693860, -128.221607, -207.767556
537.463730, 443.939809, 118.111438, -270.530718
425.814945, -219.558806, -394.482415, 193.855739
408.332929, -289.367787, -299.418822, 342.729582
579.077811, 32.874904, 129.409821, 264.264064
324.299642, -42.785235, -300.841587, 85.186289
487.505140, 214.675151, -78.298781, 314.935337
425.560775, 269.722923, -232.168066, 111.295629
547.444943, 136.847252, 121.409807, -65.013387
442.876249, -230.278600, 269.870612, 372.861844
316.153419, -283.819818, 130.994623, -278.542677
370.281238, -332.133700, -272.375859, -114.509665
374.037894, 165.379077, -203.915132, 98.009303
347.289399, 21.547524, -189.987505, -307.702149
524.379809, 432.502381, -486.766800, 437.783353
294.694931, -38.676368, 8.654943, -204.119387
579.895671, -189.860836, 241.590151, 376.576858
308.644567, 77.873193, -286.836245, -37.470435
373.861847, 165.889181, 82.121378, -330.989854
402.365977, 176.822733, 12.745646, 337.192676
386.027091, 244.810712, 11.074315, -120.343188
498.052394, 315.227728, -175.953177, 225.874175
369.757805, -121.060614, 154.044681, 240.116006
363.645094, -48.682907, -267.092973, 304.655556
710.142131, 583.869243, 430.421844, 459.269573
414.356371, 262.934716, -67.613746, -129.354660
343.870810, -243.786566, -120.368648, 223.063541
709.575333, 583.327719, 294.213567, 594.543972
285.395394, -92.254241, -155.395527, -33.942549
396.899599, 176.451528, -293.221033, -200.234859
343.003331, -307.421964, -186.815011, -237.281070
353.157929, 20.752361, -259.846475, 160.386266
369.046589, -260.821654, 152.921389, -254.682746
417.287933, -294.680645, 172.728434, -367.882805
413.105687, -372.192450, 251.355263, 31.757297
492.625057, 123.663984, 108.824746, -247.189767
568.188213, 468.737893, 125.350646, -68.357232
302.805708, -272.134112, 183.713435, -208.665488
501.873729, -259.710123, -271.937760, 421.204736
374.883724, 21.874244, 83.287949, -44.322435
442.180896, -145.005767, 184.408901, 371.850704
366.729071, -48.712270, 292.291482, -253.377474
291.980532, -261.999840, 64.944169, -257.374000
376.825754, 21.458396, -132.349554, 315.840727
377.974740, -267.454501, 12.057062, -44.036254
491.406472, 28.867864, 14.884737, -58.313512
379.734715, 240.153157, -133.987808, 244.958864
320.667563, -164.737276, -174.761514, -160.779918
298.647717, -268.287351, -104.953770, -34.896764
362.176013, -117.457400, 80.595720, -111.789966
408.240200, -53.857800, -65.981142, -126.588395
328.985498, 145.626480, -179.499007, 23.192201
318.456740, 263.756534, -296.598147, -161.126007
474.473137, 209.290150, 105.246036, 34.277706
298.568690, -210.859751, -105.181593, -92.227235
446.189816, 283.426464, 12.414113, -310.000962
632.164233, 399.447133, 261.554841, 166.698883
431.551150, 25.309120, -400.117258, 278.461096
411.786150, -53.399840, -303.929198, -285.952685
486.894138, 28.089900, 388.288301, -150.180853
338.619685, -238.852701, 10.200618, -298.826606
346.171031, -112.687205, 11.067146, 91.885964
455.597993, 376.276097, 362.044771, -403.250746
384.817034, 96.050772, -135.648527, 174.908741
306.395761, -216.122861, 9.229901, -270.389495
371.439517, 21.783762, -344.384115, 239.673686
438.010920, -225.967669, -237.924468, 115.911930
255.024016, -179.939235, -236.504833, -30.286123
430.641056, 191.411458, -70.670051, -381.631378
399.933931, -205.977612, 242.141150, -352.634595
365.217667, 162.882413, -340.201493, -324.296361
460.357043, -61.401070, 367.112307, -229.906695
333.670769, -44.110575, -181.664104, 24.041171
429.171123, -56.619148, -69.364067, -133.078720
345.856716, 86.558758, -320.800620, 222.991784
269.898521, -138.802793, -146.971375, -83.640158
505.561778, 320.744723, -179.269420, -61.223079
429.042180, -221.457472, -68.618570, 31.753521
566.617601, 249.576391, 17.457509, 257.748378
637.771983, 157.336462, 509.713870, 413.707218
426.125465, -137.685554, -150.459568, -132.094179
472.587765, 389.029550, 286.039011, 124.580658
344.291997, -310.186409, -54.319818, 223.675886
434.793374, 275.741126, -320.611956, 113.518689
292.193114, 17.973028, -159.716962, -202.930815
341.080400, 282.080788, 74.662621, -302.325035
482.796570, -66.205375, 386.453714, 406.168341
616.871201, 390.259703, 491.217156, -191.252529
601.669081, -82.259220, 366.134651, 505.916151
418.140955, 184.714255, 172.628535, -129.776750
282.214457, -199.040694, -153.692325, -141.344754
490.958707, 28.545095, -454.977730, 410.848075
400.275968, -51.752623, -372.224054, -278.139433
420.959202, 186.886814, -68.897636, -292.434432
391.180532, -125.931248, -363.261113, -121.788876
455.608907, -323.013845, 189.589521, 34.572757
351.637120, 21.168957, -57.126138, -176.564838
419.172268, -296.482954, 173.875613, -209.006216
400.269921, -283.614939, 89.751048, 30.197276
457.821588, 288.952526, 14.321695, 383.437664
494.273221, 218.348723, -174.642848, 129.732169
549.070589, 240.980600, 438.371113, 250.707983
404.950966, -208.749065, -297.652922, 106.980536
326.274861, -292.428818, -177.703935, -225.708736
370.808734, 93.623041, 10.439288, -328.250113
501.615496, -163.085137, -80.205699, 132.924549
313.757215, -281.905515, -170.317768, 23.280890
348.170444, 288.074488, 9.405891, -308.758863
353.531343, -318.122086, 214.797838, -108.224161
334.871332, 213.093942, -183.427592, -233.097546
580.536498, 33.103133, 352.041213, 43.048722
360.777907, -324.493415, 149.960072, -110.600790
268.945758, -137.976657, -95.214652, -237.729656
432.702311, 190.472318, 179.197704, 114.323240
302.500474, -214.368929, -221.814919, 253.900319
710.566044, 447.709482, 567.326437, 460.200131
309.198634, -278.273784, -108.243458, 141.515590
566.281124, 141.489443, 451.132559, -283.419074
636.627589, 279.264879, 264.468834, 534.057364
373.925825, 93.479437, -203.542916, 169.793309
601.450237, 33.346608, 365.498260, 390.201798
447.948244, 25.900411, 99.715746, 32.829220
454.135685, 287.029315, -73.117156, 293.151012
389.119078, -127.352307, 236.615523, 178.324215
369.280027, -190.610213, -59.060551, 27.330509
532.894897, 31.166992, 220.422477, -164.827929
417.698378, 185.756682, -228.639223, -290.535543
486.578190, -65.427663, 388.439528, -56.636410
600.688935, 494.874854, 18.039833, 272.643353
327.886420, -231.252294, -178.565006, -164.219175
415.180143, 105.303026, -227.286414, -368.075127
526.208178, -273.261517, 421.185804, 241.659360
422.814252, -137.636463, 13.517442, 112.229769
402.350153, -52.449182, -373.790530, -125.480544
521.193658, -270.225879, 217.121994, 238.904209
286.531243, 182.587461, -212.043818, -254.448145
298.580678, 75.799118, -277.883774, -207.790607
436.941782, -224.753774, 13.180120, -302.166463
302.294563, 134.236795, -223.194838, -94.614242
413.845268, -213.168117, -383.581438, 109.142682
410.861348, 180.718734, -65.810005, 344.133729
453.858029, -60.359958, -72.952778, 33.104129
302.359574, -214.233001, -163.844178, 195.999905
310.655432, 78.062612, -288.427136, 81.282807
413.903146, -372.852217, 331.102142, -47.264168
426.020942, -57.225556, 95.191138, 113.041323
578.188301, 476.029589, 460.678876, 41.916904
353.113571, -248.793046, -124.872125, -311.931654
320.414923, 265.098528, -236.815177, -100.611039
475.303084, 27.102553, 288.226968, 35.245313
363.629015, -118.459535, -127.582200, 235.496017
320.349014, 18.989045, 9.563092, -99.365016
300.143693, 75.883350, -279.070258, -93.919876
456.831951, 114.153794, -336.104076, 294.746720
291.343619, -261.474768, 9.023808, -201.152121
361.145636, -323.624196, -127.567827, -318.823973
502.123031, -66.711889, 15.408759, -59.318068
589.689062, -80.863428, 472.015632, 496.095132
403.724571, -55.150005, 322.988285, 262.308134
550.300103, 136.797602, -193.497389, 460.961703
431.744458, -140.368679, -69.033685, 114.409220
465.775582, 27.925535, 102.873234, -322.666460
353.664439, -183.014630, -191.631300, 296.817961
429.522279, 273.265469, -317.483825, -216.913485
517.908100, 227.775448, 313.873412, 137.056843
472.560381, 209.002345, 194.892495, -237.167665
444.083972, 196.575187, -242.298316, 31.306197
543.341776, 238.834215, 121.225718, 351.477536
478.163663, -155.333199, 106.616383, -56.020252
546.800762, -178.576976, 17.963144, 354.607079
453.755362, -410.006936, 363.966195, 382.706037
276.049641, -247.874170, -149.973999, -32.381006
241.444088, -216.435879, -177.714193, -120.900834
449.778464, -404.357278, 100.639498, -138.083594
304.287247, -273.810217, 184.878213, -93.149399
318.475626, 141.510038, -113.227082, -221.379858
402.360735, -360.882432, 12.283498, -354.849748
388.980470, -274.848692, 235.667161, -342.757221
539.438729, 238.449413, 429.309062, -373.579958
562.829764, -184.107153, 18.737239, 472.818387
473.946132, 300.024869, -76.718628, 124.364172
305.290495, -157.356995, 243.437973, -269.052604
354.762923, -318.501197, -124.834281, -109.389155
457.912758, 376.975284, -73.705085, 383.091302
331.377375, -235.027898, 264.947808, -38.025743
430.320596, -387.344113, 96.667094, 32.701751
312.218710, 18.719046, 68.957991, -216.289797
490.618395, -65.568513, -172.553485, 223.504397
454.285877, 201.382892, -161.112650, -141.784542
293.979966, -151.583335, -47.148406, -34.542092
520.062000, 428.706635, 413.928148, -161.507714
345.983349, -112.750759, -187.610306, 290.191444
425.519666, -57.309186, -149.280542, 356.871735
488.428915, 402.878283, 14.247567, 34.577132
346.975782, -112.372288, 276.537800, -305.984151
335.650376, -173.108457, 139.093474, -167.547853
256.556532, -230.108798, 7.832304, -226.262189
462.081789, -328.607672, 193.092954, 389.077194
386.055941, 97.712282, -211.171974, -268.323968
508.661563, 28.965805, -178.653212, 426.340387
637.407696, 402.187484, 386.315924, 290.447059
515.641590, 30.096444, -280.481145, 234.407765
350.520799, -248.993293, 280.557139, 94.033316
499.985099, 124.589692, 302.780964, -58.945968
395.174307, 99.046683, 163.130671, -198.120024
282.378939, -36.466519, -208.543296, -250.164769
516.335544, 129.475133, -83.630468, -61.769487
444.360135, 196.753645, -157.397282, -53.584367
324.494101, -167.446363, -238.367674, 147.875568
379.985713, 21.374870, 85.082666, 246.194756
311.613240, 18.637506, 9.165885, -156.331195
637.865890, 34.775051, 510.317774, 536.292874
426.657799, 107.988772, -233.381125, -296.543846
461.111562, 27.939238, -163.380329, -231.737850
619.217248, 509.972073, 255.958410, 162.971323
291.631831, -150.217033, -270.305271, 76.911548
398.990781, -129.558888, -140.344719, 105.552285
311.528282, -280.668269, -49.150604, 202.390311
380.131285, -269.538646, -205.816256, 319.230428
336.729693, -108.918983, 203.738551, -297.093483
262.884383, -135.012296, -92.951389, -182.030949
327.843356, 145.547597, -53.657533, -227.748165
406.353227, -132.555198, 246.743586, 30.568354
294.900475, -264.355380, -217.060606, -147.668613
418.000618, -56.262845, 253.646439, 31.219214
332.684632, -171.310045, 10.182351, -166.360016
372.269030, 308.000548, -275.139982, -116.893350
375.939107, -265.597596, 11.658178, -187.781177
417.335220, 344.605846, -68.077083, -50.568452
352.846428, -317.557385, 146.818639, -40.600681
475.003404, 210.220317, 377.827401, -419.924238
460.468220, -237.553280, -250.123116, 121.854862
277.908564, -249.809723, -97.540082, 20.746572
428.272215, 271.719490, 176.279358, -297.183975
291.980532, -261.999840, 64.944169, -257.374000
319.510371, -225.117257, -112.988971, -282.247432
484.016128, 400.291693, 105.951303, -429.019646
311.260059, -100.988504, 9.676410, -36.603246
432.192952, 108.601921, -70.191571, -134.474333
440.108480, 364.795743, -325.859311, -391.054767
338.720771, -45.362463, 10.692160, 89.728527
484.466878, 28.474195, 385.938871, -334.988708
344.652244, 153.009982, -56.408613, -239.425063
478.002896, 395.480532, -353.286730, -150.094032
410.861348, 180.718734, -65.810005, 344.133729
420.004755, -297.761585, -147.018598, 272.450424
432.147134, 356.142038, -152.648441, 278.556091
261.096163, -33.617657, -242.915523, -231.426970
368.377367, 92.186185, 222.766285, -184.527138
434.189569, 276.030035, 11.892598, -384.815450
438.196146, 361.726108, -239.228715, 114.382102
355.723121, 20.580164, -193.336130, 229.849951
543.671702, 134.558306, 225.836947, 352.202291
364.378099, -188.574335, 81.714004, 97.074985
498.571491, 412.142512, 204.813829, -441.708409
419.877218, 186.290422, -229.461489, -131.230327
427.048550, -303.464119, 178.266582, 277.776792
301.859488, -39.943890, -222.117966, 79.427516
399.665828, -129.671806, 12.424756, -46.999498
336.543255, 149.188116, -119.355187, -105.036572
311.718461, -279.776106, -229.155582, -36.706668
401.852051, 177.785726, -373.074559, 181.914840
425.790753, 350.995306, 338.895704, -132.231332
329.698798, -43.935407, 73.380566, -38.804291
425.654927, 24.557397, 13.265907, 112.534015
515.694843, 129.184137, -280.941893, 135.390330
391.129551, 322.298641, -213.020476, 326.880860
372.192454, 22.062123, 11.110728, -115.445678
367.589492, 91.937584, 151.901940, -113.893631
322.747607, -290.159521, -175.051743, 85.757634
302.093923, -98.047733, -279.849431, 195.237742
354.380952, 89.098329, 10.285571, -177.975631
337.025768, -302.721461, -312.108316, 89.244467
387.868129, 21.931357, -61.817577, 325.266604
462.541820, 115.504399, 279.907861, -143.114762
430.316078, -139.320838, 95.570411, -215.227998
431.682146, -56.759922, 178.167578, -381.294343
502.987995, 414.695091, 111.182198, 35.824059
399.894061, 100.696258, -65.121350, -201.007875
340.829799, -240.740972, 75.821223, -235.359817
459.769239, 203.587858, 189.419826, -318.798239
405.422923, -286.926360, -375.242869, 262.441738
248.206937, -222.635877, -182.578998, -76.758124
516.731265, 326.390177, 15.941650, 333.781019
393.661796, -202.771785, -364.873951, 103.819731
365.084341, 92.735712, -269.902173, -323.824687
391.509280, 173.607602, -63.906701, -196.998661
412.175712, -370.045596, -145.036742, -127.092066
270.520653, -242.979935, -43.287030, -83.291924
396.256645, -52.174979, -215.915444, -47.338508
382.391146, -123.900780, 231.531300, -264.152292
425.581238, -137.627107, -313.179029, 30.697370
284.007323, -200.576000, -100.051826, -87.729259
348.888764, 154.211089, 10.294587, -41.766742
532.417576, 438.424539, 118.143591, 241.884581
333.088310, -234.472547, -309.355523, -230.909532
528.503797, 232.643415, 218.872570, 139.634720
398.226621, 330.080838, -294.849698, -353.840986
377.349504, -267.211800, -276.870432, 244.440410
350.999991, -46.354720, -123.916683, -41.775554
363.610772, 160.867177, -337.571821, 164.603354
357.428988, 22.039039, -126.959573, -316.527809
434.049016, -225.870016, 347.793631, 365.617255
385.805685, -347.059932, -209.078350, 176.403200
349.833270, 289.090749, 9.752152, -176.237884
546.647215, 346.533529, -193.598910, 38.499325
358.630025, 89.415713, 11.034698, 94.627558
317.523613, -284.406962, -173.081066, -280.456865
364.997772, -48.588717, 151.120091, -112.699805
517.387047, -367.164014, 116.468569, 237.211828
521.645750, 228.883792, 316.583039, 337.889503
340.099303, -306.836222, 142.113198, 221.404529
389.602485, -124.943793, -287.579486, -344.944794
471.994250, 118.050195, 195.045952, -146.242318
393.655645, -202.716154, -289.528498, 28.604432
434.336707, -140.971736, 263.171350, -216.860612
338.957410, 20.239962, 204.817631, -299.432069
390.219372, 97.290691, 311.037592, -120.570859
444.831150, 197.020727, -72.416183, -138.638798
353.949600, -251.120113, -123.738012, 297.402240
305.458791, -39.565133, -166.985882, -270.475361
571.392990, 470.739523, 17.160020, 259.346380
487.532177, 121.000092, -77.897184, 408.597401
392.177415, -201.414677, -138.667178, -271.558265
327.100032, -231.896955, -114.498199, 212.184604
302.340914, -156.058443, -48.354689, 22.376328
340.670289, -305.058929, -316.262537, -235.976682
325.960256, -104.407631, -303.137488, -288.744097
411.745301, -211.526849, -224.398226, -206.445502
565.051834, 247.704606, 451.369314, 366.244855
464.582023, -63.083685, 193.359149, 301.448711
304.953525, -273.913705, -282.407283, 80.751733
435.939834, -142.029103, 181.047375, 32.604659
309.158208, -218.960607, -286.003530, 259.348185
374.979221, -337.117267, -203.381109, 99.636156
461.946077, -150.939457, 280.700342, 123.222263
318.330889, -286.086726, 193.132624, -219.363996
338.617420, 214.747405, -249.692842, 88.408444
413.013893, 262.567891, 11.312589, -366.047779
602.199002, 33.459717, 481.270097, 275.593442
546.104821, 136.246406, -297.025277, 352.587389
269.881563, 16.665337, -250.950397, -135.993365
336.449796, -173.469853, 203.850366, -232.229343
472.589435, 207.413925, 377.309514, 215.786361
452.617691, 285.133445, 274.703227, 379.659187
284.823730, -255.783817, 8.948640, -142.109778
448.397621, -230.960249, -72.113511, -138.554737
266.873686, -85.481738, -248.187984, -236.403672
481.003460, 28.721873, 290.650054, -424.914332
474.773401, -427.484907, -75.118802, 217.509996
338.784835, -109.378095, -249.459473, -40.444523
352.222409, -315.935348, -259.091932, -108.924963
488.573600, -440.175467, -77.083491, 317.411191
351.975948, -180.543250, -326.876027, -176.795621
462.160632, 26.599237, 280.058565, -54.241133
517.509516, 328.657975, -84.671247, -260.667607
390.323519, -52.008436, -212.159638, 177.640700
403.102821, 178.593801, 11.543898, -202.656684
555.347605, 351.124704, 123.208476, 146.204523
465.459228, -418.504385, 371.738310, -320.548641
541.606496, 134.747189, 431.936400, -63.621619
328.918863, -169.770323, 199.430238, -164.044369
445.019561, 281.143438, 98.922612, 202.401582
356.249740, -320.916877, 284.982255, -40.680646
339.174102, -44.297481, -185.114755, -170.426186
528.776741, 435.956963, 116.882631, 37.660797
385.026116, -51.855496, -135.074621, 322.910900
376.782429, -49.709351, -349.528057, 98.972348
487.570860, -252.052719, -264.406663, 315.802119
327.788198, -105.298513, -241.804922, -227.445879
427.781741, 354.735263, -398.796345, -380.289903
516.645310, -267.442236, 16.956183, 236.365174
441.653354, 364.101221, -325.256780, 368.912346
388.465749, 171.352282, 86.168166, 28.064212
477.764962, -338.907744, -75.576434, 310.132212
464.287869, 204.558380, 103.187328, 122.468501
278.080011, -196.502459, -44.609837, -85.773756
481.387164, 211.358135, 107.610177, 403.622069
374.282597, 93.485955, -347.000207, 313.022818
596.157424, 262.658159, 132.495151, 157.252668
411.599171, 181.182874, 170.458129, 108.747630
393.119088, 22.789150, -138.419368, 178.884002
431.155445, 355.967265, 177.486475, -216.836475
350.796674, -46.462747, -325.263899, 159.337020
311.735238, -40.304983, -289.888385, -216.615208
406.167885, 258.766311, -378.317935, -283.083830
348.627791, -179.759546, -322.974885, 158.715655
566.431577, 140.582051, -90.503615, 474.722451
349.941127, -112.966745, 10.416030, -242.194341
402.882670, -362.092377, -372.911849, 183.844561
531.057826, 336.790972, -391.596327, 138.652040
423.264053, -300.472692, -66.766453, 355.831957
309.038064, 78.056329, -168.906534, -155.611214
330.012846, -169.669654, -116.539338, -165.317586
346.975782, -112.372288, 276.537800, -305.984151
450.370792, 26.872852, -417.970170, 118.069537
371.648568, 164.083358, 295.931821, -186.205031
490.494248, 403.086849, 391.425837, 317.423287
311.727783, -101.096521, 69.369379, -96.218516
323.161481, -290.441285, -51.565392, -37.615853
349.066307, 87.257660, 77.414311, -41.454366
540.004792, 446.190438, 325.471705, -478.187075
423.006549, 349.715796, -393.411290, 29.022155
329.775804, -296.343401, -242.129699, 87.475257
580.821600, -301.694341, 353.677347, 377.739923
504.691263, 416.228252, 304.828673, -156.947439
426.078393, -56.595583, 339.594253, -294.382625
408.493837, 23.240688, 169.496479, 108.352468
428.441748, -56.639099, -233.261327, 30.869474
330.917963, -297.178397, 10.396836, -165.108006
391.525242, 172.346481, 162.144788, 103.443945
254.182022, -178.987704, -138.655075, -224.652076
485.805449, -252.078871, 295.608890, 222.894484
460.130637, 114.615055, -161.994130, 297.281915
615.282516, -83.723674, 491.976060, 281.906279
321.092505, 142.427798, 9.055888, -222.918700
460.958579, 204.181989, 278.179518, -407.703756
277.942688, 17.096473, -151.927474, -193.033762
421.430845, -217.582028, 174.825131, -129.664058
431.857190, -223.427429, -151.344662, 279.909553
315.521185, -222.687057, 70.052078, -278.303256
305.090381, -215.870387, 243.534352, -210.280390
393.716852, -354.668000, 314.954100, -44.959067
350.411390, 87.690212, 211.901845, -175.527643
423.280046, 106.197469, 12.469927, -131.515957
473.691687, 208.831464, -76.286762, 215.271231
413.734986, -54.151688, -384.180740, -49.797930
308.767865, -99.932393, -108.884342, -36.584175
351.723803, -249.072541, 11.375967, 26.379035
516.849866, 127.862857, 115.743914, 433.617374
428.873731, 189.123452, 13.027423, 112.941325
310.062987, -99.315611, -288.353298, -274.661881
494.151554, 28.391876, -173.775066, 319.514088
369.986056, -333.085848, 12.283953, 98.808406
382.464313, 169.347432, -135.473096, -46.120492
546.715464, 346.389823, -507.531962, 351.953661
476.890831, 28.140846, -168.337907, 34.322117
382.119024, -269.382294, -61.811258, -337.383753
493.406223, -350.015262, 300.009058, 37.656730
365.309324, 232.049962, 10.163816, -253.807321
344.820677, -310.035674, 275.390514, -237.468274
458.269193, -60.619148, 365.054958, -404.383512
451.175197, -59.522074, -72.920439, -139.901812
405.055495, 24.643164, -298.755864, -126.356112
440.841042, 110.776120, -409.297589, 115.345793
331.784800, 83.384964, 200.353918, -293.275635
388.729222, 96.815270, 160.972916, 28.453209
379.217111, -49.711850, 83.739492, -335.118015
437.809064, 24.931099, -153.768244, 366.954571
425.643840, 25.837947, -395.404415, -51.454133
359.537640, 89.733804, 148.729648, -42.542406
460.248433, -415.115019, 368.575878, 123.724014
332.343267, -298.877131, -52.881441, 24.959724
367.743055, -190.618372, 223.609199, 98.292947
326.749189, 19.452466, -115.484013, -39.062012
532.863287, -378.368180, 222.204325, 244.541687
379.066692, -342.358588, 231.306353, 319.547600
432.011062, 273.000603, -152.244927, 361.446241
299.650729, -153.967586, 8.906481, -264.604829
444.732207, -58.651910, 268.908358, -392.629098
372.396222, -192.521966, 83.348253, 27.890895
371.596801, 93.325576, -131.479845, -44.617787
450.970494, 200.257766, -332.967571, -141.147863
595.703485, 376.674919, -324.206631, 498.140892
448.061624, -317.102669, -414.707506, 290.042977
600.850154, 148.709926, 249.588426, 389.243729
275.760946, -141.708000, -203.067927, -85.581255
377.307140, 311.507182, -133.769833, 26.383443
327.886420, -231.252294, -178.565006, -164.219175
399.626039, 176.647670, 318.039976, -276.754840
388.711584, -349.995040, -61.502074, 178.082123
423.155000, 186.004273, 94.410684, 273.730981
533.868940, 338.918994, 117.294421, -370.687903
398.841765, 23.692160, -217.303130, 28.527851
380.898990, -124.865102, 231.781637, 247.515975
358.012786, -115.375412, 10.498722, -316.339545
426.202057, 352.088651, -151.290674, -51.828110
341.997220, -176.293553, 10.618719, -105.525222
315.356721, -282.215251, -292.906416, -278.829007
358.862656, 227.194163, -332.983974, 299.773388
341.982507, 152.084708, -187.193963, -237.870384
449.194572, -60.219906, 272.381358, -52.478276
348.848237, 221.187276, -56.772420, -42.092954
636.621773, 523.916258, 141.538825, 411.180914
579.066416, 477.792587, -205.048982, 151.406184
561.485548, 354.638100, 447.587844, 40.993841
450.754522, -318.568287, 186.778606, -311.070209
348.419693, 220.830452, -190.083136, 91.121154
398.635204, 22.998065, 317.903573, -122.957683
452.445208, 371.946175, 187.598853, 379.097974
308.144461, -99.304538, 9.036334, -272.275969
425.496972, -301.781794, 340.199720, -48.826021
476.830609, -63.476331, -167.915989, 125.893033
387.894711, -200.319450, -210.527222, 176.942773
384.265153, -272.592160, 233.647289, 29.327091
371.218090, -261.548938, -131.274456, -327.924732
393.295472, -52.719830, -62.870465, 179.342421
393.004105, -127.556502, 238.127284, -196.223597
334.552902, -108.364622, 10.252938, -103.410904
346.357791, -45.678153, 209.426040, -305.779849
475.388017, -336.578742, 106.384541, -55.174867
380.902016, 242.242332, -135.565483, -264.971835
497.245062, -257.678811, 397.574367, 37.891774
391.640074, -51.978989, 86.995590, -121.096722
413.845268, -213.168117, -383.581438, 109.142682
404.745240, -287.063723, 323.607984, -46.444747
437.768860, 109.785701, 264.541476, -303.122540
474.695531, 302.005050, -350.873890, -239.726475
415.260833, 262.230122, 251.502254, 109.679415
260.750196, -133.749729, -242.155717, -130.973418
477.623219, 394.397972, 288.075196, -331.474983
425.456294, 106.245028, -68.537564, 112.074200
345.819569, 86.672336, -122.206722, 24.709041
324.427501, -42.717260, -176.776614, -38.757492
476.310557, -245.652593, 197.383035, -237.761721
437.634125, -309.117527, 97.356377, -302.207987
415.546859, -56.983495, 332.623794, 349.592331
394.751014, 326.357684, -64.735321, -199.037010
473.866476, -244.657158, -166.490713, 125.613134
399.429539, 329.332213, -217.715204, 257.292767
393.372109, 173.975446, -139.163950, 27.904431
514.859193, 29.151853, 411.029745, 38.399152
452.966786, 198.338449, 362.025873, 380.371818
435.900904, 26.812607, -238.269708, -302.737201
435.063568, -224.097480, -403.248079, 114.738547
515.192036, 128.175491, 410.870614, -60.518756
326.672144, -43.435540, -302.748202, 210.953834
424.978847, -56.512467, 257.330732, -212.421191
448.595539, -232.585569, 186.878632, 205.626758
402.524794, 331.533156, -142.010076, 336.579360
326.672144, -43.435540, -302.748202, 210.953834
521.061872, 30.909010, 414.869161, -460.078761
304.299622, -215.357490, 184.627384, -151.595822
423.155000, 186.004273, 94.410684, 273.730981
581.762272, 366.553521, 464.487601, 376.780000
444.115200, 196.483614, -412.311153, 201.046990
552.553906, 456.121358, 121.664526, -172.302753
502.260495, -356.283916, -79.451321, 326.033031
429.071541, 106.808872, 95.529686, 113.400690
538.052518, 237.759677, 325.163125, -269.806382
390.900327, 96.860955, 12.538130, 327.781198
474.778419, -155.444906, 197.797286, 308.315055
606.320956, 382.572569, 367.475074, 276.281789
372.543591, -335.839956, -58.610525, 313.390908
391.664246, -201.210563, -213.454195, -196.377036
356.574993, 90.335671, -331.698828, -179.864924
577.219999, 475.161765, 349.368837, 152.163159
436.724808, 107.965257, 348.849525, 199.636498
588.785572, 145.488011, 357.564719, 381.680307
361.249891, 229.059057, 218.022568, -250.522286
361.403025, 229.697015, -336.141884, -44.243365
309.268507, -40.634510, -50.121656, -155.124770
338.611557, 84.733271, -54.696091, 24.342964
371.552266, -48.853718, 153.350255, -328.183082
438.832166, 193.796210, 97.150634, -52.343985
456.739218, 26.477215, -160.820361, 207.833560
434.148149, -224.324831, 263.421482, -133.387624
613.754022, 388.052812, 136.166425, 161.580987
358.583266, 158.147276, -263.801496, 299.874298
396.899599, 176.451528, -293.221033, -200.234859
422.454537, 25.391420, 174.192862, -373.374525
453.615016, 113.756121, -420.954790, 205.575288
470.206992, 207.610282, -346.128426, 303.140893
516.842685, 227.186133, 115.313470, 334.335775
368.877190, 91.698175, -129.705179, 308.991870
468.783783, 386.315467, 193.575815, 33.588330
314.778904, -282.684836, 9.889777, -157.055593
375.177413, 93.982366, 83.042351, -116.406929
453.575306, -60.380554, -159.726630, 119.753157
501.278237, -66.730832, -176.525226, 132.347707
527.556414, 232.047448, -84.501720, 441.876454
425.522490, -220.041857, 339.860996, -130.553224
317.842264, -164.059730, -50.833887, 23.523587
346.663235, -111.685800, -189.066128, -174.002566
400.428779, 177.772236, -65.537458, -278.172237
394.427377, -280.118733, 88.963112, 256.384882
354.374426, -319.460848, -55.752056, 298.106653
395.427841, 326.971334, 10.852785, -274.937299
288.628655, -258.849194, -157.069537, -144.397073
443.038067, -228.737697, 183.788607, -136.312076
265.385392, -186.667225, -246.597095, -234.793796
290.532175, -149.211663, -102.727172, -201.175311
595.440123, 262.204821, -95.634347, 384.662890
548.913610, -389.993756, 334.237917, 252.147292
421.946133, -55.710871, 174.332139, -291.891280
397.108624, -52.175744, -64.357481, -199.184147
487.532177, 121.000092, -77.897184, 408.597401
317.397453, -41.959277, -172.804241, 22.868669
354.764371, -183.357746, 147.324568, -41.214319
388.955647, -350.163524, 12.913765, 103.874422
390.806934, -350.361369, -63.059262, -344.834303
396.521049, -204.662551, -367.164110, 256.470737
457.734897, 377.564563, 364.128004, -229.816003
483.831053, 27.605332, -77.324317, 313.054061
428.677482, -385.322575, 177.994409, -213.504582
505.875297, 417.273375, 402.423680, -253.985963
512.921131, 127.416246, 114.420437, 233.807367
420.119577, -57.094180, 94.422106, 352.896140
431.625452, -390.010662, 346.215354, 364.041243
370.870782, -262.526125, 154.002490, -113.902372
563.297142, 356.942688, 16.403715, -67.724367
513.049170, 423.125325, -83.245491, 134.367767
510.529370, -166.813899, 310.221855, 136.181661
466.885473, 206.557544, -433.450798, 211.354890
382.869719, 169.577312, -62.329186, -119.327519
477.363740, -246.912514, -75.921883, 218.182135
393.812325, 23.515481, 237.964138, -347.890431
396.086403, 174.773394, -139.776413, 179.829878
364.766438, 301.704819, -129.800469, -184.076975
565.639061, 249.949877, 341.834595, -283.639651
487.520650, 216.238465, -359.737650, -59.219435
288.344010, -203.248667, -212.349921, -144.545088
368.617311, 233.871133, 151.725050, -255.788618
435.380211, -307.896808, -403.168426, 198.441037
321.247246, -289.475487, 133.953167, 86.076825
310.734333, -100.900563, -109.300577, 82.204202
518.960251, 427.730243, 313.666906, -61.992271
526.735075, 433.133785, 420.125791, 239.973060
268.298566, -240.805526, -197.236037, -31.593722
500.628352, 28.613425, 399.454934, -58.541280
498.657214, 315.727982, 14.737230, 35.553529
442.545005, 281.445436, -157.504620, -307.853351
302.335270, -155.589530, 125.023705, -266.710133
350.425186, -180.392255, 77.814142, -242.181633
637.139558, 279.559295, 386.675398, 412.699171
429.956393, 189.709073, 177.691227, -51.100009
234.707162, -210.302944, -217.784069, -117.634407
316.952938, -224.053275, 70.649337, -158.177383
519.070336, -69.024483, 314.304465, -259.451829
394.291445, -127.186110, -139.395156, -197.732691
334.138386, -172.471253, -53.440196, 24.729667
435.909666, -309.579077, 98.319444, 283.349116
614.515645, -83.693374, 373.688005, 398.999919
407.670371, 24.429655, -222.294676, -48.916886
385.967905, -51.795523, 160.137640, 28.659707
429.437764, 24.432264, 178.186750, 113.907818
293.842995, 130.595325, -273.323718, -92.099584
432.369484, -139.854743, 261.605478, -381.475583
340.290602, -175.038415, 10.264688, -235.327478
329.543389, -232.829216, -242.242442, 24.123263
356.730070, 294.877073, -126.785370, -111.701749
468.622628, 206.099748, 284.004408, 124.014160
373.002029, 23.285774, -275.613707, -330.649609
464.251023, -417.489979, 281.865726, -231.018585
358.711079, 227.774206, 147.494305, -317.611894
476.937780, 27.970904, -442.197957, 307.747105
501.435698, 222.155077, -369.783054, 35.127397
505.247792, -164.858165, -177.045574, 423.998684
411.156895, 261.216705, -224.852182, -128.715569
335.598014, -301.551518, 267.879438, -295.381495
259.966347, -232.852726, -141.706791, -229.618661
390.806934, -350.361369, -63.059262, -344.834303
318.010005, -225.359859, -233.187613, 266.918067
403.942176, -132.800229, 323.501559, 340.042238
464.953278, -240.118597, 103.859363, -54.219395
364.766438, 301.704819, -129.800469, -184.076975
388.061000, 171.125976, 11.787700, 102.193537
596.178059, -81.020498, 133.991346, 500.783461
497.137487, 313.739891, 396.502745, 131.515346
436.702629, 24.035413, 349.193481, 283.505358
375.867859, -339.106469, 157.059374, 244.689846
521.331927, 328.887756, 216.143825, 337.200235
530.676537, 30.701997, -288.423614, 342.895834
401.823795, 177.868584, -219.240582, 28.327019
396.513897, 327.273516, -292.361661, 179.281515
592.964178, 487.695120, 132.085762, 496.584740
414.744436, 261.855048, 171.775706, 188.809684
432.841873, 108.824944, 12.562824, -217.379927
308.483362, -40.698575, -286.169369, 81.031705
517.438935, 426.348980, 114.598247, 135.963337
440.038085, 363.467174, 96.701466, -221.491819
411.927510, 260.496021, 170.256798, 29.724405
274.552069, -246.224969, -149.409165, -137.354744
311.147175, -220.587207, -108.914056, 201.836239
520.995011, -170.020648, 216.598105, 138.747122
508.773216, -67.858677, 405.721845, -254.086193
533.538334, -378.778062, 324.643396, 142.899278
