
Address | Opcode | ScalarInstances | VectorInstances | #ofSrcRegs | RegNum |
8768396822520528896|MOV|0|1703936|0|
8768396822520528920|S2R|0|1703936|0|
8768396822520528928|MOV|0|1703936|0|
8768396822520528936|S2R|0|1703936|0|
8768396822520528944|MOV|0|1703936|0|
8768396822520528952|IMAD|0|1703936|2|0  3  
8768396822520528960|MOV|0|1703936|0|
8768396822520528976|IMAD|0|1703936|2|8  4  
8768396822520528984|SHF|1703936|0|2|13  255  
8768396822520528992|ISETP|1703936|0|1|13  
8768396822520529000|IMAD|0|1703936|2|8  4  
8768396822520529008|IADD|1703936|0|1|9  
8768396822520529016|LD|0|1703936|2|14  15  
8768396822520529024|LOP|0|1703936|2|3  0  
8768396822520529040|ISCADD|0|1703936|2|3  0  
8768396822520529048|IADD|0|1703936|2|5  4  
8768396822520529056|IADD|0|1703936|2|12  9  
8768396822520529064|ISCADD|0|1703936|2|12  10  
8768396822520529072|IADD|0|1703936|2|3  6  
8768396822520529080|STS|0|1703936|2|2  255  
8768396822520529088|ISCADD|0|1703936|2|11  10  
8768396822520529104|IADD|0|1703936|2|0  7  
8768396822520529112|MOV|0|1703936|0|
8768396822520529120|STS|0|1703936|2|12  5  
8768396822520529136|BAR|13631488|0|0|
8768396822520529144|IADD|0|13631488|2|11  0  
8768396822520529152|ISCADD|0|13631488|2|6  10  
8768396822520529168|LDS|0|13631488|1|6  
8768396822520529176|LDS|0|13631488|1|12  
8768396822520529184|IADD|0|13631488|2|6  2  
8768396822520529192|BAR|13631488|0|0|
8768396822520529200|SHF|13631488|0|2|255  0  
8768396822520529208|STS|0|13631488|2|12  2  
8768396822520529216|ISETP|13631488|0|2|0  9  
8768396822520529232|BRA|11927552|0|0|
8768396822520529240|LDS|0|1703936|1|12  
8768396822520529248|MOV|0|1703936|0|
8768396822520529256|IMAD|0|1703936|2|8  6  
8768396822520529264|IADD|0|1703936|2|0  5  
8768396822520529272|IMAD|0|1703936|2|8  6  
8768396822520529280|IADD|0|1703936|2|0  7  
8768396822520529296|IADD|0|1703936|2|3  16  
8768396822520529304|IADD|0|1703936|2|4  16  
8768396822520529312|ST|0|1703936|6|10  11  16  17  18  19  
8768396822520529320|EXIT|1703936|0|1|1  
