
Address | Opcode | ScalarInstances | VectorInstances | #ofSrcRegs | RegNum |
4903554592656064512|MOV|0|131072|0|
4903554592656064536|S2R|0|131072|0|
4903554592656064544|MOV|0|131072|0|
4903554592656064552|SHF|0|131072|2|255  14  
4903554592656064560|MOV|0|131072|0|
4903554592656064568|S2R|0|131072|0|
4903554592656064576|IADD|0|131072|1|25  
4903554592656064592|IADD|0|131072|1|25  
4903554592656064600|IADD|0|131072|1|25  
4903554592656064608|IADD|0|131072|1|25  
4903554592656064616|IMAD|131072|0|2|15  0  
4903554592656064624|IADD|0|131072|1|25  
4903554592656064632|I2F|0|131072|1|25  
4903554592656064640|IADD|0|131072|1|25  
4903554592656064656|I2F|0|131072|1|2  
4903554592656064664|IADD|0|131072|1|25  
4903554592656064672|LDC|131072|0|1|35  
4903554592656064680|I2F|0|131072|1|3  
4903554592656064688|FFMA|0|131072|2|0  36  
4903554592656064696|I2F|0|131072|1|4  
4903554592656064704|FMUL|0|131072|2|26  3  
4903554592656064720|FFMA|0|131072|2|2  36  
4903554592656064728|FFMA|0|131072|2|5  36  
4903554592656064736|I2F|0|131072|1|6  
4903554592656064744|IADD|0|131072|1|25  
4903554592656064752|I2F|0|131072|1|7  
4903554592656064760|FFMA|0|131072|2|0  36  
4903554592656064768|FMUL32I|0|131072|1|11  
4903554592656064784|I2F|0|131072|1|8  
4903554592656064792|SSY|131072|0|0|
4903554592656064800|I2F|0|131072|1|6  
4903554592656064808|FMUL|0|131072|2|26  5  
4903554592656064816|FFMA|0|131072|2|7  36  
4903554592656064824|FMUL|0|131072|2|26  3  
4903554592656064832|I2F|0|131072|1|12  
4903554592656064848|FMUL|0|131072|2|26  5  
4903554592656064856|FFMA|0|131072|2|9  36  
4903554592656064864|FFMA|0|131072|2|16  36  
4903554592656064872|FMUL|0|131072|2|26  4  
4903554592656064880|FMUL32I|0|131072|1|7  
4903554592656064888|FFMA|0|131072|2|2  36  
4903554592656064896|F2F|0|131072|1|5  
4903554592656064912|FMUL|0|131072|2|26  6  
4903554592656064920|FMUL|0|131072|2|26  12  
4903554592656064928|FMUL32I|0|131072|1|10  
4903554592656064936|F2F|0|131072|1|0  
4903554592656064944|FMUL32I|0|131072|1|28  
4903554592656064952|FMUL32I|0|131072|1|8  
4903554592656064960|FMUL|0|131072|2|26  4  
4903554592656064976|FMUL32I|0|131072|1|29  
4903554592656064984|F2F|0|131072|1|2  
4903554592656064992|FMUL32I|0|131072|1|3  
4903554592656065000|F2F|0|131072|1|0  
4903554592656065008|FMUL32I|0|131072|1|27  
4903554592656065016|F2F|0|131072|1|5  
4903554592656065024|F2F|0|131072|1|6  
4903554592656065040|F2F|0|131072|1|18  
4903554592656065048|F2F|0|131072|1|4  
4903554592656065056|FSETP|0|131072|1|5  
4903554592656065064|F2F|0|131072|1|9  
4903554592656065072|FSETP|0|131072|1|6  
4903554592656065080|F2F|0|131072|1|2  
4903554592656065104|FSETP|0|131072|1|16  
4903554592656065120|F2F|0|131072|1|24  
4903554592656065128|F2F|0|131072|1|2  
4903554592656065136|FSETP|0|131072|1|21  
4903554592656065152|RRO|0|131072|1|5  
4903554592656065168|F2F|0|131072|1|0  
4903554592656065176|FSETP|0|131072|1|22  
4903554592656065184|RRO|0|131072|1|6  
4903554592656065200|RRO|0|131072|1|16  
4903554592656065216|F2F|0|131072|1|0  
4903554592656065232|F2F|0|131072|1|37  
4903554592656065240|FSETP|0|131072|1|20  
4903554592656065248|MUFU|0|131072|1|5  
4903554592656065256|MUFU|0|131072|1|12  
4903554592656065264|FSETP|0|131072|1|19  
4903554592656065272|FFMA|0|131072|2|13  36  
4903554592656065280|F2F|0|131072|1|41  
4903554592656065296|MUFU|0|131072|1|16  
4903554592656065312|RRO|0|131072|1|21  
4903554592656065328|FSETP|0|131072|1|11  
4903554592656065336|RRO|0|131072|1|22  
4903554592656065368|FSETP|0|131072|1|11  
4903554592656065384|FSETP|0|131072|1|17  
4903554592656065392|FMUL|0|131072|2|26  12  
4903554592656065400|FFMA|0|131072|2|18  11  
4903554592656065408|MUFU|0|131072|1|21  
4903554592656065424|RRO|0|131072|1|20  
4903554592656065440|MUFU|0|131072|1|22  
4903554592656065448|FFMA|0|131072|2|18  11  
4903554592656065456|RRO|0|131072|1|19  
4903554592656065464|FMUL32I|0|131072|1|30  
4903554592656065472|FFMA|0|131072|2|4  10  
4903554592656065496|FSETP|0|131072|1|10  
4903554592656065504|MUFU|0|131072|1|20  
4903554592656065520|FSETP|0|131072|1|10  
4903554592656065528|RRO|0|131072|1|17  
4903554592656065536|FMUL32I|0|131072|1|18  
4903554592656065552|MUFU|0|131072|1|21  
4903554592656065560|FFMA|0|131072|2|9  8  
4903554592656065568|FFMA|0|131072|2|4  19  
4903554592656065584|F2F|0|131072|1|22  
4903554592656065592|IADD|0|131072|1|25  
4903554592656065616|FSETP|0|131072|1|8  
4903554592656065624|FSETP|0|131072|1|8  
4903554592656065632|MUFU|0|131072|1|20  
4903554592656065640|FFMA|0|131072|2|9  18  
4903554592656065648|FMUL32I|0|131072|1|4  
4903554592656065656|RRO|0|131072|1|17  
4903554592656065680|F2F|0|131072|1|40  
4903554592656065688|FMUL32I|0|131072|1|9  
4903554592656065696|I2F|0|131072|1|19  
4903554592656065704|FSETP|0|131072|1|18  
4903554592656065712|MUFU|0|131072|1|17  
4903554592656065728|FFMA|0|131072|2|19  36  
4903554592656065744|FMUL|0|131072|2|26  17  
4903554592656065752|FMUL|0|131072|2|21  6  
4903554592656065760|IADD|0|131072|1|25  
4903554592656065768|RRO|0|131072|1|18  
4903554592656065776|FMUL32I|0|131072|1|31  
4903554592656065784|I2F|0|131072|1|19  
4903554592656065792|SEL|0|131072|2|255  6  
4903554592656065808|F2F|0|131072|1|18  
4903554592656065816|FFMA|0|131072|2|19  36  
4903554592656065824|MUFU|0|131072|1|17  
4903554592656065832|FMUL|0|131072|2|26  32  
4903554592656065840|F2F|0|131072|1|38  
4903554592656065848|IADD|0|131072|1|25  
4903554592656065872|FSETP|0|131072|1|18  
4903554592656065880|I2F|0|131072|1|19  
4903554592656065888|FMUL32I|0|131072|1|32  
4903554592656065904|RRO|0|131072|1|4  
4903554592656065912|F2F|0|131072|1|19  
4903554592656065920|FFMA|0|131072|2|21  36  
4903554592656065936|RRO|0|131072|1|18  
4903554592656065944|SEL|0|131072|1|6  
4903554592656065952|MUFU|0|131072|1|4  
4903554592656065960|FMUL|0|131072|2|26  33  
4903554592656065968|F2F|0|131072|1|19  
4903554592656065976|FMUL|0|131072|2|4  5  
4903554592656065984|MUFU|0|131072|1|18  
4903554592656066000|IADD|0|131072|1|25  
4903554592656066016|FSETP|0|131072|1|20  
4903554592656066024|FMUL32I|0|131072|1|33  
4903554592656066032|I2F|0|131072|1|4  
4903554592656066048|F2F|0|131072|1|21  
4903554592656066064|FFMA|0|131072|2|4  36  
4903554592656066072|RRO|0|131072|1|20  
4903554592656066080|F2F|0|131072|1|21  
4903554592656066088|FMUL|0|131072|2|26  34  
4903554592656066096|MUFU|0|131072|1|20  
4903554592656066104|FMUL32I|0|131072|1|34  
4903554592656066128|FSETP|0|131072|1|7  
4903554592656066136|FSETP|0|131072|1|22  
4903554592656066144|RRO|0|131072|1|9  
4903554592656066152|F2F|0|131072|1|4  
4903554592656066160|SEL|0|131072|2|255  5  
4903554592656066176|F2F|0|131072|1|23  
4903554592656066192|RRO|0|131072|1|22  
4903554592656066200|FSETP|0|131072|1|3  
4903554592656066208|FSETP|0|131072|1|4  
4903554592656066216|MUFU|0|131072|1|9  
4903554592656066224|MUFU|0|131072|1|22  
4903554592656066232|FMUL|0|131072|2|9  13  
4903554592656066264|FSETP|0|131072|1|7  
4903554592656066272|FFMA|0|131072|2|24  7  
4903554592656066280|FFMA|0|131072|2|24  7  
4903554592656066288|RRO|0|131072|1|4  
4903554592656066296|FFMA|0|131072|2|2  3  
4903554592656066304|FFMA|0|131072|2|38  31  
4903554592656066320|MUFU|0|131072|1|24  
4903554592656066328|FFMA|0|131072|2|38  39  
4903554592656066336|FFMA|0|131072|2|2  4  
4903554592656066344|FMUL32I|0|131072|1|7  
4903554592656066352|FFMA|0|131072|2|37  28  
4903554592656066368|FSETP|0|131072|1|3  
4903554592656066384|FMUL32I|0|131072|1|4  
4903554592656066392|FFMA|0|131072|2|0  27  
4903554592656066400|RRO|0|131072|1|4  
4903554592656066408|FFMA|0|131072|2|37  2  
4903554592656066416|MUFU|0|131072|1|4  
4903554592656066424|FFMA|0|131072|2|0  3  
4903554592656066432|RRO|0|131072|1|7  
4903554592656066448|FFMA|0|131072|2|41  29  
4903554592656066456|FMUL32I|0|131072|1|2  
4903554592656066464|FMUL32I|0|131072|1|3  
4903554592656066472|FFMA|0|131072|2|40  30  
4903554592656066480|FFMA|0|131072|2|41  0  
4903554592656066488|MUFU|0|131072|1|7  
4903554592656066496|RRO|0|131072|1|3  
4903554592656066512|FMUL|0|131072|2|4  16  
4903554592656066520|RRO|0|131072|1|2  
4903554592656066528|FMUL|0|131072|2|7  12  
4903554592656066536|FMUL32I|0|131072|1|0  
4903554592656066544|MUFU|0|131072|1|3  
4903554592656066552|FFMA|0|131072|2|40  37  
4903554592656066560|FMUL|0|131072|2|4  11  
4903554592656066576|MUFU|0|131072|1|2  
4903554592656066584|FFMA|0|131072|2|21  33  
4903554592656066592|RRO|0|131072|1|0  
4903554592656066600|FMUL|0|131072|2|3  10  
4903554592656066608|MUFU|0|131072|1|0  
4903554592656066616|FMUL32I|0|131072|1|37  
4903554592656066624|RRO|0|131072|1|0  
4903554592656066640|MUFU|0|131072|1|0  
4903554592656066648|FMUL|0|131072|2|0  17  
4903554592656066656|FMUL32I|0|131072|1|38  
4903554592656066664|FFMA|0|131072|2|19  32  
4903554592656066672|RRO|0|131072|1|0  
4903554592656066680|FFMA|0|131072|2|19  39  
4903554592656066688|FMUL|0|131072|2|3  8  
4903554592656066704|FFMA|0|131072|2|21  40  
4903554592656066712|FMUL32I|0|131072|1|19  
4903554592656066720|MUFU|0|131072|1|0  
4903554592656066728|FFMA|0|131072|2|23  34  
4903554592656066736|FMUL|0|131072|2|3  18  
4903554592656066744|IADD|0|131072|1|25  
4903554592656066752|FFMA|0|131072|2|23  40  
4903554592656066768|RRO|0|131072|1|2  
4903554592656066776|FMUL32I|0|131072|1|23  
4903554592656066784|I2F|0|131072|1|3  
4903554592656066792|FMUL32I|0|131072|1|21  
4903554592656066800|MUFU|0|131072|1|2  
4903554592656066808|FFMA|0|131072|2|7  36  
4903554592656066816|RRO|0|131072|1|3  
4903554592656066832|RRO|0|131072|1|4  
4903554592656066840|FMUL|0|131072|2|2  20  
4903554592656066848|IADD|0|131072|1|25  
4903554592656066856|FMUL|0|131072|2|26  7  
4903554592656066864|MUFU|0|131072|1|3  
4903554592656066872|SEL|0|131072|2|255  13  
4903554592656066880|FSETP|0|131072|1|27  
4903554592656066896|MUFU|0|131072|1|4  
4903554592656066904|SEL|0|131072|2|255  12  
4903554592656066912|IADD|0|131072|1|25  
4903554592656066920|FSETP|0|131072|1|28  
4903554592656066928|FMUL32I|0|131072|1|2  
4903554592656066936|FMUL|0|131072|2|9  22  
4903554592656066944|SEL|0|131072|2|255  16  
4903554592656066960|I2F|0|131072|1|20  
4903554592656066968|SEL|0|131072|2|255  11  
4903554592656066976|FSETP|0|131072|1|30  
4903554592656066984|I2F|0|131072|1|7  
4903554592656066992|SEL|0|131072|2|255  10  
4903554592656067000|F2F|0|131072|1|12  
4903554592656067008|FSETP|0|131072|1|31  
4903554592656067024|F2F|0|131072|1|20  
4903554592656067032|FSETP|0|131072|1|29  
4903554592656067040|FFMA|0|131072|2|13  36  
4903554592656067048|SEL|0|131072|2|255  17  
4903554592656067056|FFMA|0|131072|2|16  36  
4903554592656067064|FSETP|0|131072|1|33  
4903554592656067072|FMUL|0|131072|2|21  24  
4903554592656067088|SEL|0|131072|2|255  0  
4903554592656067096|FSETP|0|131072|1|34  
4903554592656067104|SEL|0|131072|2|255  8  
4903554592656067112|FSETP|0|131072|1|32  
4903554592656067120|FMUL|0|131072|2|26  13  
4903554592656067128|FMUL|0|131072|2|26  17  
4903554592656067136|SEL|0|131072|2|255  18  
4903554592656067152|SEL|0|131072|2|255  21  
4903554592656067160|FSETP|0|131072|1|22  
4903554592656067168|FMUL32I|0|131072|1|16  
4903554592656067176|SEL|0|131072|2|255  19  
4903554592656067184|FMUL32I|0|131072|1|12  
4903554592656067200|F2F|0|131072|1|19  
4903554592656067216|FSETP|0|131072|1|27  
4903554592656067224|RRO|0|131072|1|22  
4903554592656067232|SEL|0|131072|1|5  
4903554592656067240|F2F|0|131072|1|21  
4903554592656067248|SEL|0|131072|1|3  
4903554592656067256|F2F|0|131072|1|23  
4903554592656067264|FSETP|0|131072|1|30  
4903554592656067280|FFMA|0|131072|2|20  2  
4903554592656067288|FSETP|0|131072|1|29  
4903554592656067296|SEL|0|131072|1|4  
4903554592656067304|FFMA|0|131072|2|23  12  
4903554592656067312|MUFU|0|131072|1|27  
4903554592656067320|FSETP|0|131072|1|28  
4903554592656067328|F2F|0|131072|1|5  
4903554592656067344|SEL|0|131072|1|9  
4903554592656067352|FFMA|0|131072|2|5  16  
4903554592656067360|FSETP|0|131072|1|19  
4903554592656067368|FFMA|0|131072|2|20  21  
4903554592656067376|FFMA|0|131072|2|23  30  
4903554592656067384|LDC|131072|0|1|35  
4903554592656067408|FSETP|0|131072|1|27  
4903554592656067416|FMUL32I|0|131072|1|29  
4903554592656067424|LDC|131072|0|1|35  
4903554592656067440|FMUL32I|0|131072|1|30  
4903554592656067448|SEL|0|131072|1|11  
4903554592656067456|FFMA|0|131072|2|5  36  
4903554592656067480|FSETP|0|131072|1|31  
4903554592656067488|FFMA|0|131072|3|3  24  21  
4903554592656067496|FFMA|0|131072|3|3  28  21  
4903554592656067504|RRO|0|131072|1|19  
4903554592656067512|FSETP|0|131072|1|32  
4903554592656067520|FFMA|0|131072|3|3  26  21  
4903554592656067536|FFMA|0|131072|3|3  6  21  
4903554592656067544|RRO|0|131072|1|29  
4903554592656067552|FMUL32I|0|131072|1|11  
4903554592656067560|FCMP|0|131072|3|24  24  255  
4903554592656067568|RRO|0|131072|1|27  
4903554592656067576|SEL|0|131072|1|8  
4903554592656067584|FFMA|0|131072|3|3  22  21  
4903554592656067600|MUFU|0|131072|1|30  
4903554592656067608|SEL|0|131072|1|7  
4903554592656067616|RRO|0|131072|1|23  
4903554592656067632|FCMP|0|131072|3|27  27  255  
4903554592656067640|FSETP|0|131072|1|2  
4903554592656067648|MUFU|0|131072|1|26  
4903554592656067664|FSETP|0|131072|1|33  
4903554592656067672|RRO|0|131072|1|29  
4903554592656067680|SEL|0|131072|1|10  
4903554592656067688|MUFU|0|131072|1|31  
4903554592656067696|FMUL|0|131072|2|27  24  
4903554592656067704|MUFU|0|131072|1|23  
4903554592656067712|FSETP|0|131072|1|2  
4903554592656067728|FFMA|0|131072|3|3  20  21  
4903554592656067736|SEL|0|131072|1|0  
4903554592656067744|FFMA|0|131072|3|3  30  21  
4903554592656067752|FSETP|0|131072|1|34  
4903554592656067760|FSETP|0|131072|1|12  
4903554592656067776|MUFU|0|131072|1|22  
4903554592656067792|FSETP|0|131072|1|12  
4903554592656067800|FMUL|0|131072|2|23  4  
4903554592656067808|SEL|0|131072|1|18  
4903554592656067816|SEL|0|131072|1|13  
4903554592656067824|FCMP|0|131072|3|28  28  255  
4903554592656067832|IADD|0|131072|1|25  
4903554592656067840|FSETP|0|131072|1|16  
4903554592656067856|FFMA|0|131072|3|3  26  21  
4903554592656067864|FFMA|0|131072|3|3  20  21  
4903554592656067872|SEL|0|131072|2|255  27  
4903554592656067880|FFMA|0|131072|3|3  32  21  
4903554592656067888|SEL|0|131072|2|255  23  
4903554592656067896|FCMP|0|131072|3|4  4  255  
4903554592656067904|SEL|0|131072|1|17  
4903554592656067920|FMUL|0|131072|2|30  7  
4903554592656067928|FFMA|0|131072|3|3  22  21  
4903554592656067936|FSETP|0|131072|1|16  
4903554592656067944|FCMP|0|131072|3|12  12  255  
4903554592656067952|SEL|0|131072|1|25  
4903554592656067960|IMNMX|0|131072|2|255  28  
4903554592656067968|FFMA|0|131072|3|3  26  21  
4903554592656067984|SEL|0|131072|1|23  
4903554592656067992|FCMP|0|131072|3|12  12  255  
4903554592656068000|SEL|0|131072|2|255  27  
4903554592656068008|FCMP|0|131072|3|13  13  255  
4903554592656068016|FFMA|0|131072|3|3  18  21  
4903554592656068024|ISETP|0|131072|1|4  
4903554592656068032|FFMA|0|131072|3|3  22  21  
4903554592656068048|FCMP|0|131072|3|10  10  255  
4903554592656068056|FCMP|0|131072|3|7  7  255  
4903554592656068064|FFMA|0|131072|3|3  20  21  
4903554592656068072|SEL|0|131072|1|23  
4903554592656068080|LDC|131072|0|1|35  
4903554592656068088|LDC|131072|0|1|35  
4903554592656068096|FCMP|0|131072|3|7  7  255  
4903554592656068112|FFMA|0|131072|3|3  20  21  
4903554592656068120|FCMP|0|131072|3|9  9  255  
4903554592656068128|FCMP|0|131072|3|19  19  255  
4903554592656068136|FCMP|0|131072|3|29  29  255  
4903554592656068144|FCMP|0|131072|3|13  13  255  
4903554592656068152|FCMP|0|131072|3|12  12  255  
4903554592656068176|MOV|0|131072|0|
4903554592656068184|FCMP|0|131072|3|7  7  255  
4903554592656068192|MOV|0|131072|0|
4903554592656068200|ISCADD|0|131072|2|14  13  
4903554592656068224|STS|64512|135331840|2|13  9  
4903554592656068240|BAR|135396352|0|0|
4903554592656068248|LDS|64512|135331840|1|13  
4903554592656068256|BAR|135396352|0|0|
4903554592656068264|FMUL|25769718|109626634|2|6  9  
4903554592656068272|FMUL|25707625|109688727|2|6  11  
4903554592656068280|FMUL|25583579|109812773|2|6  8  
4903554592656068288|FMUL|25645521|109750831|2|6  19  
4903554592656068304|FMUL|25521830|109874522|2|6  2  
4903554592656068312|FFMA|25707625|109688727|3|5  11  20  
4903554592656068320|FMUL|25460281|109936071|2|6  0  
4903554592656068328|IADD|135396352|0|1|7  
4903554592656068336|FFMA|25645521|109750831|3|5  19  22  
4903554592656068344|FMUL|25398728|109997624|2|6  10  
4903554592656068352|FMUL|24912177|110484175|2|6  3  
4903554592656068368|FFMA|25583579|109812773|3|5  8  28  
4903554592656068376|FMUL|25337143|110059209|2|6  24  
4903554592656068384|FFMA|25521830|109874522|3|5  2  30  
4903554592656068392|FMUL|25275729|110120623|2|6  17  
4903554592656068400|FMUL|25032568|110363784|2|6  26  
4903554592656068408|FFMA|25460281|109936071|3|5  0  33  
4903554592656068416|FMUL|25214633|110181719|2|6  16  
4903554592656068432|FFMA|25398728|109997624|3|5  10  20  
4903554592656068440|FMUL|25153730|110242622|2|6  18  
4903554592656068448|FFMA|25337143|110059209|3|5  24  22  
4903554592656068456|FMUL|25093050|110303302|2|6  25  
4903554592656068464|FMUL|24852352|110544000|2|6  32  
4903554592656068472|FFMA|25275729|110120623|3|5  17  28  
4903554592656068480|FMUL|24972257|110424095|2|6  27  
4903554592656068496|ISETP|64512|135331840|2|7  4  
4903554592656068504|FFMA|25214633|110181719|3|5  16  30  
4903554592656068512|FFMA|25153730|110242622|3|5  18  33  
4903554592656068520|FFMA|25093050|110303302|3|5  25  20  
4903554592656068528|FFMA|25032568|110363784|3|5  26  22  
4903554592656068536|FFMA|24972257|110424095|3|5  27  34  
4903554592656068544|FFMA|24912177|110484175|3|5  3  28  
4903554592656068560|FFMA|24852352|110544000|3|5  32  35  
4903554592656068568|FFMA|24791550|110604802|3|5  12  40  
4903554592656068576|BRA|135265280|0|0|
4903554592656068584|ISETP|131072|0|2|14  255  
4903554592656068592|BRA|130048|0|0|
4903554592656068600|MOV|0|1024|0|
4903554592656068608|MOV|0|1024|0|
4903554592656068624|IMAD|1024|0|2|15  0  
4903554592656068632|IMAD|1024|0|2|15  2  
4903554592656068640|ST|1024|0|3|4  5  9  
4903554592656068648|EXIT|131072|0|1|1  
