0 130 158 98 246 53 226 106 12 168 50 238 132 105 211 217 57 231 56 36 145 176 193 118 91 67 225 152 151 20 139 246 150 42 89 
1 141 95 59 247 107 228 41 89 104 147 44 65 204 20 121 240 165 41 177 28 133 244 253 29 140 18 169 130 168 211 219 53 50 23 
2 45 157 251 86 246 99 233 34 165 182 54 30 166 220 72 88 248 205 76 245 234 216 7 147 91 176 102 54 229 152 77 18 53 72 
3 105 43 172 82 78 81 8 132 111 175 96 183 7 88 132 83 78 111 44 85 2 135 5 105 189 235 1 11 253 55 83 102 98 255 
4 185 176 80 193 53 192 112 149 119 119 238 252 203 60 107 247 145 109 126 151 214 59 130 216 70 127 15 154 230 113 153 159 34 234 
5 96 87 170 209 236 33 72 218 29 19 22 136 10 168 246 136 63 204 196 193 164 10 64 179 164 38 37 62 197 71 40 38 158 210 
6 247 138 243 63 101 17 83 123 153 93 35 143 230 98 92 170 35 0 180 100 180 89 138 217 151 80 32 191 118 190 145 109 72 132 
7 172 173 149 255 41 47 93 76 190 67 175 26 237 210 27 161 54 207 250 193 168 145 17 200 80 135 134 225 244 206 102 160 124 251 
8 160 165 42 253 241 233 64 160 3 45 115 30 206 169 237 201 106 149 90 123 93 171 2 227 140 246 178 242 151 46 238 55 211 24 
9 52 196 1 116 101 5 161 216 35 111 129 17 56 236 166 147 103 4 62 106 231 202 96 153 189 247 199 171 46 154 195 98 95 197 
10 214 196 202 119 156 237 231 29 254 31 9 165 178 113 169 240 219 144 187 59 42 120 51 241 35 97 140 230 196 235 171 154 175 117 
11 18 75 99 249 104 97 24 114 6 203 227 175 187 190 64 118 249 106 238 44 91 17 142 231 248 82 210 163 236 129 25 254 204 124 
12 247 53 221 16 167 228 219 138 147 150 72 211 13 65 61 251 110 153 13 252 128 5 78 83 168 58 212 193 57 161 61 48 214 27 
13 64 125 255 27 7 146 178 79 102 191 144 163 186 254 60 199 250 189 204 72 16 117 131 228 54 188 133 116 236 91 143 45 216 142 
14 72 223 32 250 46 134 185 191 42 116 189 102 59 184 35 8 0 51 125 131 24 179 63 157 39 44 249 182 89 209 68 161 177 101 
15 156 223 235 85 158 21 201 92 124 5 20 159 13 20 211 138 152 235 61 215 136 101 3 129 27 92 83 96 254 4 197 154 227 176 
16 239 130 198 185 222 66 190 242 225 203 6 180 85 158 159 146 118 40 247 121 169 19 214 252 115 212 0 56 110 228 232 93 102 174 
17 22 68 240 212 54 210 159 60 134 244 219 38 135 81 78 126 202 247 145 160 244 4 116 244 60 226 216 37 64 62 211 86 130 196 
18 43 184 150 202 245 28 191 208 66 70 33 144 196 235 136 86 140 124 90 0 112 151 227 73 188 35 135 143 121 10 83 164 194 233 
19 111 183 6 46 135 72 116 168 217 56 148 97 142 32 221 233 32 77 128 3 150 60 38 30 203 160 40 31 68 234 8 179 162 14 
20 225 41 87 85 210 48 142 102 145 28 134 110 5 166 187 133 170 82 193 208 112 141 112 152 172 181 130 180 104 36 195 74 78 26 
21 159 32 74 45 134 219 74 12 73 79 178 4 213 92 86 150 45 198 35 157 94 207 82 225 132 187 5 71 5 83 97 164 115 171 
22 210 249 134 28 5 207 107 184 211 64 20 42 215 65 240 250 223 79 202 49 48 78 236 53 149 241 137 246 150 252 161 104 246 39 
23 132 251 246 239 179 201 48 200 243 7 9 228 1 232 51 203 26 99 25 6 152 174 248 33 164 142 30 69 246 20 108 122 15 98 
24 105 195 44 153 139 31 160 148 3 162 125 54 109 151 153 135 157 50 53 149 83 218 35 113 31 25 133 140 147 149 238 253 88 26 
25 150 227 58 55 119 61 217 244 116 70 139 13 205 41 63 3 190 147 221 226 4 252 251 138 136 143 31 119 140 119 145 34 90 203 
26 89 209 9 50 198 125 121 81 138 70 122 202 73 57 93 38 27 97 35 22 235 171 165 10 34 49 129 180 84 219 127 173 173 136 
27 224 115 5 89 196 144 159 63 90 233 120 183 15 147 24 50 169 4 222 79 14 0 128 144 180 212 107 52 130 24 188 98 139 194 
28 187 80 82 90 143 172 67 7 99 83 154 123 133 67 127 99 146 142 100 19 30 24 231 137 76 105 162 9 203 45 203 134 125 29 
29 225 12 201 36 19 44 119 173 167 253 241 39 96 131 181 196 150 211 221 126 92 41 231 254 50 179 44 253 57 169 26 26 182 227 
30 63 201 15 182 119 183 179 104 222 20 235 147 216 130 102 181 0 194 223 231 193 17 154 237 15 212 150 41 238 76 13 45 22 28 
31 228 141 211 151 245 177 171 224 68 132 98 170 57 98 109 24 74 46 42 228 27 57 184 177 98 167 254 111 212 20 140 184 161 95 
32 80 150 17 251 118 85 127 217 0 185 59 109 209 133 155 251 106 182 52 34 103 151 201 101 6 158 121 146 86 26 242 166 176 3 
33 162 39 88 33 0 88 218 59 197 172 193 96 167 43 22 220 77 126 115 23 227 121 181 93 12 11 119 254 178 40 1 84 79 89 
34 117 79 178 80 138 119 252 75 216 163 118 238 127 196 108 242 219 80 108 144 173 120 155 36 118 77 76 119 161 155 208 23 234 130 
35 103 117 250 99 192 210 6 55 192 134 251 45 120 214 125 228 102 42 92 1 78 210 79 155 73 240 54 26 7 33 156 110 150 150 
36 209 86 104 216 141 41 94 136 86 214 94 211 187 196 253 23 198 75 234 21 230 51 5 29 77 13 62 234 123 212 128 77 42 233 
37 37 184 18 131 64 104 89 159 59 20 99 56 44 41 131 22 62 106 73 68 135 151 81 197 129 204 153 1 25 195 234 62 123 252 
38 193 188 100 27 91 159 47 190 215 91 232 91 113 38 197 187 106 76 82 187 17 211 136 170 212 161 109 191 224 233 187 161 165 32 
39 188 0 191 236 190 151 71 166 242 185 205 183 116 55 3 198 243 20 153 123 190 109 28 43 44 252 20 232 158 185 8 90 185 199 
40 70 120 94 142 30 80 71 235 7 187 35 10 129 22 30 26 145 220 135 173 8 180 170 28 156 72 214 164 162 143 107 233 7 202 
41 119 38 26 190 17 34 121 52 44 250 74 75 20 219 39 155 137 47 79 51 76 235 123 34 143 29 177 251 6 185 197 125 223 223 
42 59 240 1 180 37 46 174 111 121 194 75 160 94 212 208 173 7 28 153 130 62 40 159 239 35 166 168 232 35 135 200 95 120 201 
43 19 157 247 194 12 112 132 87 17 226 43 225 144 50 253 41 180 59 81 84 42 117 250 211 93 29 90 37 124 210 239 144 111 230 
44 82 124 87 214 211 104 185 255 73 73 49 70 114 230 129 195 58 171 56 52 126 150 81 217 187 206 171 170 94 27 145 176 151 232 
45 134 106 80 63 105 153 136 155 223 250 129 96 190 187 11 246 239 138 140 64 99 72 14 14 242 108 41 131 28 192 107 163 43 187 
46 226 148 84 107 47 51 101 176 147 35 107 159 26 90 41 166 155 140 238 169 154 225 22 196 100 50 132 208 213 175 139 184 68 224 
47 35 115 19 136 36 167 172 143 70 198 234 111 108 133 251 91 46 149 60 68 89 160 119 222 112 76 141 252 4 209 220 39 69 239 
48 176 105 150 92 248 220 34 226 75 142 103 70 233 150 220 37 218 53 198 81 19 54 158 161 50 162 114 14 202 183 254 122 32 148 
49 214 25 113 248 251 188 134 99 3 112 249 223 149 211 20 91 37 40 146 195 201 196 101 59 211 47 243 209 169 19 101 127 44 214 
50 119 40 147 254 139 150 110 132 117 3 87 137 95 124 177 241 63 122 181 165 182 136 212 169 89 126 188 191 253 233 149 117 17 40 
51 115 156 190 225 32 51 228 119 189 67 244 110 52 51 233 234 216 159 114 173 72 204 43 4 139 40 237 32 157 254 73 16 154 7 
52 241 186 59 214 50 248 25 38 102 78 89 79 56 50 238 170 223 54 118 10 59 1 50 40 34 208 39 107 224 193 114 210 124 173 
53 168 174 165 193 212 12 15 45 91 71 95 74 242 62 128 104 72 187 106 123 228 140 75 11 247 43 204 105 253 72 23 165 246 188 
54 103 202 200 118 248 36 190 87 110 176 150 238 24 222 170 130 89 142 14 164 153 5 208 101 111 205 174 134 115 164 66 218 111 11 
55 80 103 47 14 190 157 190 84 139 215 51 53 89 140 195 104 49 92 109 1 194 220 206 112 98 65 20 165 27 131 176 108 234 223 
56 122 169 124 57 253 7 16 48 61 105 189 0 209 238 93 63 239 31 27 189 143 126 255 163 35 26 39 211 134 17 178 1 186 46 
57 58 184 53 74 232 114 179 165 115 133 147 208 196 130 239 223 64 126 93 63 33 128 89 72 83 224 90 5 225 20 51 27 204 105 
58 101 181 219 24 90 78 157 238 30 97 112 13 65 176 139 158 239 173 31 73 245 114 41 79 120 10 100 171 37 48 20 138 229 240 
59 162 64 62 64 46 93 161 158 106 226 79 246 129 62 163 160 135 152 18 176 232 138 186 76 54 223 124 74 105 98 58 12 162 121 
60 76 208 214 237 110 64 208 189 54 81 252 217 241 131 114 3 52 90 142 238 166 196 206 34 14 55 132 73 67 38 194 143 246 152 
61 125 101 216 77 34 15 158 30 232 143 162 90 146 214 180 32 196 90 228 146 125 243 202 1 60 13 40 254 157 30 150 26 131 110 
62 103 166 125 5 196 102 148 102 192 38 60 117 71 1 207 43 147 76 30 93 78 90 107 118 88 8 148 238 34 24 93 137 190 218 
63 142 130 64 34 233 1 72 37 118 143 38 69 187 186 146 217 23 224 52 130 86 140 138 234 123 172 2 216 53 192 178 195 67 243 
64 229 44 244 46 81 106 189 120 175 120 50 65 82 73 33 134 204 119 18 86 98 141 3 100 101 56 37 24 252 104 11 225 148 255 
65 15 229 105 205 93 24 69 143 90 151 217 123 29 165 243 48 251 85 189 254 185 35 55 222 59 51 70 70 20 218 69 36 192 174 
66 241 29 198 54 173 32 206 134 156 235 43 143 27 38 228 217 37 157 252 92 124 55 143 194 125 163 157 194 199 93 112 184 122 54 
67 239 39 87 189 173 243 168 216 130 196 255 102 157 36 3 153 128 127 208 15 66 77 178 223 15 122 60 127 50 182 181 33 222 12 
68 222 139 255 135 100 129 75 99 231 232 135 235 129 7 106 81 22 172 158 200 139 173 66 199 44 117 126 225 150 92 238 117 231 237 
69 252 75 111 71 174 86 47 53 65 176 60 172 1 82 88 159 27 228 76 93 171 120 210 41 89 105 133 71 222 109 53 218 184 164 
70 33 103 250 80 156 60 0 217 232 1 43 64 160 70 36 236 164 208 100 118 249 189 223 127 5 189 236 58 151 164 222 184 11 216 
71 8 168 20 8 129 252 9 172 61 169 243 97 149 151 49 249 13 43 183 237 170 188 170 150 246 66 58 212 250 70 172 3 238 193 
72 11 111 189 21 27 250 190 14 92 84 165 141 77 179 184 4 160 98 192 74 248 182 140 51 138 135 121 55 138 103 248 149 214 181 
73 170 241 176 105 0 12 189 165 153 10 88 82 15 248 180 207 67 173 134 207 224 16 86 89 71 224 192 63 118 150 245 32 135 165 
74 137 135 177 70 45 74 81 133 156 96 126 81 47 193 254 181 144 222 198 231 55 13 199 247 77 61 141 66 94 20 231 231 156 152 
75 46 201 226 127 78 127 223 204 208 14 141 206 196 30 172 138 5 227 151 204 218 228 10 103 38 104 123 13 79 23 165 125 224 136 
76 252 47 7 219 251 215 234 137 165 174 167 81 56 172 52 207 120 14 180 130 117 218 234 240 232 58 8 141 183 232 21 180 23 28 
77 143 19 243 121 156 152 39 67 233 95 239 29 47 103 43 227 234 160 189 212 145 165 14 153 51 198 129 72 122 153 101 9 172 88 
78 131 72 241 170 139 218 10 122 248 57 225 35 28 203 196 217 160 85 127 174 238 178 116 111 250 238 8 95 248 180 184 123 252 169 
79 37 135 131 47 1 123 104 227 159 132 174 99 94 78 184 221 253 166 143 113 21 137 96 30 233 88 210 161 211 207 74 248 86 205 
80 40 88 73 144 59 232 21 233 75 115 56 3 80 53 169 223 166 190 104 6 220 81 94 175 242 49 126 60 42 212 10 82 44 83 
81 226 103 59 247 81 134 106 137 137 186 190 50 153 100 240 2 107 205 83 201 124 70 251 250 130 37 206 140 119 251 223 89 98 26 
82 81 179 160 187 60 41 118 250 91 15 95 76 17 202 25 101 147 149 171 142 143 45 179 93 186 42 88 153 132 187 180 213 110 84 
83 144 171 126 6 165 217 22 4 37 39 206 62 140 98 211 55 240 98 101 164 192 31 206 24 184 82 211 108 39 66 193 184 237 63 
84 190 146 24 212 151 62 252 101 124 136 199 80 192 184 178 37 92 114 68 42 139 252 125 94 105 164 160 42 92 141 105 27 32 129 
85 239 183 191 235 28 60 116 228 140 52 156 62 89 248 177 157 34 60 153 159 154 2 68 59 44 160 200 149 187 232 23 171 159 214 
86 150 188 18 10 160 158 62 60 221 151 52 142 52 86 202 206 246 100 208 58 159 253 218 104 146 150 80 169 65 240 128 215 172 146 
87 226 76 49 32 136 14 184 188 156 236 18 102 186 8 202 139 66 106 136 29 210 26 179 34 196 244 18 68 203 190 214 173 10 7 
88 206 146 21 134 78 177 114 97 23 45 105 226 184 172 76 64 201 30 90 124 64 30 112 83 98 59 17 57 233 28 64 183 174 86 
89 61 253 7 175 94 31 220 199 1 148 115 77 212 60 107 47 184 171 77 40 254 176 100 16 233 77 44 41 4 218 127 65 215 135 
90 240 53 166 205 253 167 97 112 244 54 173 95 101 101 10 178 142 9 98 242 25 75 63 69 117 67 31 244 132 247 123 116 44 33 
91 65 41 200 163 154 188 217 71 27 62 172 38 240 58 47 83 44 72 158 107 141 19 174 172 8 50 163 131 167 208 165 232 249 109 
92 139 147 42 100 218 69 162 135 107 147 193 154 230 238 226 132 89 111 152 8 28 160 58 191 35 225 143 200 202 137 54 85 28 96 
93 186 247 165 92 126 17 239 63 171 213 45 142 90 135 253 242 143 25 146 201 217 181 171 104 126 117 241 180 202 14 20 132 5 185 
94 225 131 202 208 194 118 166 240 4 0 119 1 242 6 27 132 207 244 57 122 92 183 239 78 107 186 92 127 62 97 57 31 228 3 
95 240 166 121 150 150 125 150 13 127 136 19 154 12 227 142 69 93 234 253 77 56 104 7 148 232 69 245 33 101 217 36 85 128 158 
96 235 22 27 129 36 154 9 55 52 21 26 194 90 120 173 87 197 229 192 204 122 168 17 111 201 118 73 237 203 201 139 182 223 167 
97 55 3 65 64 59 118 85 85 56 176 205 229 7 146 203 199 94 69 111 112 180 56 230 253 38 178 198 177 104 166 88 160 169 154 
98 224 228 16 54 58 72 230 7 46 237 154 249 181 248 62 36 104 242 93 79 240 131 1 182 52 105 92 141 9 6 39 234 234 55 
99 32 36 127 6 44 173 243 198 166 168 190 228 205 39 215 42 118 199 173 119 125 225 224 218 110 234 224 149 212 202 204 244 239 76 
