0 0.2682 0.3598 0.7327 0.5046 0.1680 0.3225 0.8943 0.3782 0.2495 0.7547 0.1141 0.8604 0.7746 0.4100 0.3975 0.2614 0.6587 0.0862 0.1183 0.3633 0.3768 0.0631 0.3105 0.8315 0.2088 0.6879 0.0652 0.7054 0.3016 0.6023 0.5614 0.5698 0.9621 0.2941 
1 0.0744 0.1301 0.6166 0.9687 0.5083 0.8661 0.7234 0.6224 0.7265 0.4980 0.0324 0.1240 0.7594 0.6911 0.2101 0.8777 0.0545 0.5869 0.9408 0.3649 0.4184 0.1496 0.0529 0.4836 0.8551 0.3545 0.0859 0.4165 0.9243 0.0480 0.7106 0.9987 0.1781 0.3272 
2 0.9675 0.6864 0.1933 0.6909 0.3089 0.9198 0.1889 0.3413 0.0438 0.9483 0.0324 0.2539 0.8260 0.0869 0.8408 0.7669 0.4518 0.2592 0.9165 0.5046 0.7429 0.7715 0.8591 0.8288 0.1880 0.7834 0.8767 0.8986 0.7821 0.0549 0.2259 0.7496 0.7413 0.4192 
3 0.4404 0.0502 0.3390 0.6293 0.3914 0.3828 0.5776 0.4238 0.6367 0.4036 0.5107 0.4775 0.1705 0.9625 0.7367 0.0870 0.4671 0.4796 0.8585 0.3262 0.3084 0.0465 0.1096 0.1851 0.9451 0.8917 0.2400 0.1710 0.6413 0.9813 0.5902 0.0817 0.0314 0.9292 
4 0.7110 0.4229 0.3120 0.2886 0.8467 0.9487 0.6923 0.3574 0.4262 0.8628 0.3198 0.1630 0.9497 0.7869 0.6426 0.8082 0.1131 0.9509 0.8547 0.2227 0.1360 0.7998 0.1145 0.3760 0.9708 0.7557 0.3573 0.5611 0.8375 0.3887 0.4903 0.5485 0.8116 0.8023 
5 0.8371 0.6583 0.7510 0.5294 0.0156 0.1772 0.3921 0.3355 0.3402 0.3418 0.1224 0.9827 0.1500 0.2356 0.9337 0.0047 0.4583 0.0697 0.8045 0.5728 0.4457 0.7754 0.3285 0.8030 0.3365 0.1660 0.1917 0.8268 0.7144 0.0033 0.6291 0.5515 0.6615 0.3801 
6 0.0809 0.6771 0.5573 0.4730 0.0126 0.8975 0.8149 0.1350 0.8803 0.9649 0.3706 0.8139 0.9696 0.8289 0.8836 0.7742 0.4016 0.3293 0.5495 0.7301 0.1323 0.8860 0.8961 0.3240 0.7128 0.6105 0.3272 0.3418 0.1621 0.9887 0.7219 0.2430 0.6659 0.2793 
7 0.7160 0.6785 0.1768 0.5309 0.8135 0.0571 0.4958 0.1840 0.8710 0.4654 0.0129 0.7547 0.2396 0.4145 0.0840 0.7891 0.1447 0.2163 0.6751 0.0407 0.5402 0.3879 0.6513 0.8675 0.7297 0.8133 0.8562 0.4517 0.0563 0.5221 0.7310 0.7724 0.2005 0.9078 
8 0.3033 0.0140 0.9649 0.7991 0.1980 0.8359 0.2645 0.2110 0.5906 0.5041 0.6255 0.6746 0.2933 0.7702 0.8908 0.9684 0.8109 0.4311 0.3563 0.4622 0.2986 0.0861 0.2755 0.1547 0.5377 0.3318 0.6768 0.2687 0.1042 0.8773 0.1765 0.4075 0.8913 0.1414 
9 0.2066 0.0894 0.9773 0.4711 0.3003 0.5678 0.9752 0.9258 0.2424 0.2685 0.6960 0.1332 0.2369 0.5069 0.5643 0.5932 0.9690 0.8629 0.6793 0.2445 0.0176 0.2170 0.5763 0.6944 0.4857 0.6805 0.5718 0.6622 0.0880 0.4631 0.8036 0.2945 0.5525 0.7808 
10 0.7656 0.8528 0.3487 0.7408 0.7786 0.5911 0.0093 0.4746 0.7243 0.2463 0.9815 0.2887 0.8395 0.9505 0.1515 0.5188 0.1951 0.1692 0.7358 0.7714 0.8636 0.2216 0.4519 0.4353 0.8838 0.5399 0.8984 0.6874 0.8344 0.4509 0.4682 0.6001 0.3037 0.8169 
11 0.3409 0.0824 0.4080 0.3503 0.5570 0.1323 0.5965 0.5385 0.4210 0.4360 0.4890 0.5725 0.9548 0.6841 0.7417 0.6906 0.4555 0.6053 0.9122 0.9074 0.0406 0.7960 0.4473 0.9390 0.4833 0.2818 0.3899 0.9515 0.8818 0.6937 0.7684 0.2227 0.7760 0.1764 
12 0.5730 0.3330 0.3087 0.1695 0.8715 0.7297 0.6055 0.3606 0.3022 0.5603 0.0447 0.0438 0.2510 0.5002 0.6491 0.1631 0.4076 0.6897 0.9591 0.8550 0.6288 0.4424 0.1367 0.0187 0.3939 0.0185 0.7124 0.1623 0.2413 0.4884 0.3387 0.8143 0.8214 0.6474 
13 0.9838 0.6929 0.3771 0.5894 0.0534 0.6793 0.1497 0.0981 0.7231 0.4007 0.5983 0.3722 0.5638 0.0059 0.0619 0.5229 0.8609 0.6907 0.9653 0.9976 0.7094 0.3593 0.0161 0.4217 0.5216 0.2574 0.9101 0.8603 0.0717 0.7315 0.5078 0.0555 0.4244 0.8849 
14 0.6449 0.4778 0.5642 0.7946 0.5759 0.2873 0.1952 0.1742 0.6595 0.7590 0.1801 0.7214 0.2819 0.0410 0.4121 0.2473 0.0385 0.1215 0.6065 0.0546 0.5432 0.1281 0.3121 0.4533 0.9885 0.3837 0.1848 0.4962 0.4392 0.6092 0.3811 0.0841 0.0871 0.9453 
15 0.8787 0.6630 0.2325 0.0739 0.8372 0.8920 0.8329 0.0173 0.6134 0.1148 0.0583 0.0255 0.3621 0.0968 0.1469 0.9686 0.1515 0.6901 0.0967 0.4635 0.1434 0.0852 0.8473 0.3283 0.5814 0.2865 0.9375 0.9625 0.3706 0.0245 0.9078 0.2493 0.6875 0.1403 
16 0.3231 0.5247 0.0323 0.1560 0.5420 0.6457 0.2709 0.6003 0.6712 0.6330 0.6971 0.8181 0.6016 0.8486 0.5082 0.6983 0.3121 0.6516 0.7835 0.1593 0.9799 0.3649 0.4458 0.9173 0.3274 0.8164 0.9419 0.2352 0.0657 0.6294 0.3755 0.3888 0.1541 0.4079 
17 0.5448 0.6961 0.0536 0.8157 0.2964 0.7247 0.4487 0.9935 0.5428 0.0502 0.8421 0.0510 0.7485 0.1542 0.7026 0.5320 0.3135 0.6824 0.8969 0.7593 0.5998 0.2243 0.5757 0.5417 0.4595 0.6414 0.1711 0.8351 0.0302 0.3252 0.2430 0.5750 0.0213 0.2965 
18 0.3907 0.3177 0.0212 0.8394 0.3113 0.5640 0.8896 0.1534 0.6150 0.6381 0.3075 0.3176 0.1701 0.6210 1.0000 0.0670 0.3803 0.5998 0.2913 0.9560 0.1414 0.7508 0.5974 0.3125 0.5859 0.6276 0.6376 0.8288 0.2026 0.6590 0.1254 0.5933 0.9767 0.1466 
19 0.4327 0.2880 0.7107 0.3223 0.4414 0.3257 0.9604 0.7489 0.6432 0.1305 0.3699 0.6432 0.1974 0.7502 0.2430 0.4887 0.7061 0.3844 0.2395 0.3035 0.6968 0.8254 0.9311 0.3345 0.6543 0.1337 0.9934 0.7796 0.7270 0.9701 0.9262 0.1597 0.2581 0.6369 
20 0.4820 0.6995 0.9626 0.4424 0.4484 0.6058 0.5729 0.8182 0.2490 0.7704 0.5684 0.4919 0.2591 0.2745 0.8763 0.4986 0.5780 0.5731 0.3240 0.5091 0.9076 0.9783 0.6428 0.9010 0.7579 0.3698 0.8711 0.6841 0.5295 0.1292 0.3210 0.0116 0.8287 0.2836 
21 0.4540 0.2771 0.8894 0.0269 0.0953 0.1383 0.7973 0.6637 0.6302 0.0563 0.9382 0.5065 0.5549 0.5162 0.0796 0.8789 0.0254 0.9872 0.8572 0.6681 0.8882 0.6151 0.0380 0.7593 0.2992 0.5675 0.8885 0.6203 0.5790 0.7172 0.9039 0.0330 0.9943 0.7932 
22 0.0599 0.0896 0.9315 0.8572 0.7533 0.5618 0.9135 0.6915 0.0683 0.4685 0.2077 0.1479 0.3474 0.2330 0.1351 0.2046 0.9012 0.0233 0.8197 0.9391 0.7826 0.1189 0.5066 0.6712 0.7391 0.0857 0.3884 0.6430 0.1187 0.3827 0.4362 0.1787 0.4723 0.3678 
23 0.0359 0.2256 0.9296 0.9494 0.9170 0.9979 0.4179 0.1247 0.1458 0.7652 0.3578 0.2809 0.9698 0.2590 0.3043 0.7895 0.1981 0.0869 0.9083 0.7047 0.7581 0.6475 0.7904 0.1465 0.2905 0.9091 0.5293 0.7267 0.0878 0.0016 0.0945 0.1237 0.2272 0.0241 
24 0.0731 0.1442 0.0220 0.4909 0.2690 0.1678 0.2561 0.6267 0.4487 0.2259 0.8857 0.7530 0.0154 0.0838 0.8399 0.9237 0.7885 0.5980 0.5712 0.5789 0.7445 0.8617 0.4881 0.2738 0.5884 0.5758 0.2755 0.6829 0.6995 0.5027 0.7070 0.7726 0.6469 0.7290 
25 0.2635 0.9159 0.8968 0.5196 0.5426 0.3455 0.7456 0.4283 0.0985 0.7610 0.5121 0.9384 0.6847 0.3006 0.5364 0.2559 0.8796 0.2810 0.1176 0.3676 0.5548 0.7060 0.9435 0.8302 0.3890 0.6430 0.3329 0.0960 0.4155 0.9798 0.8250 0.6790 0.8957 0.7218 
26 0.1986 0.4383 0.0673 0.9442 0.8666 0.1658 0.7051 0.3788 0.1043 0.3898 0.6794 0.6407 0.6457 0.5590 0.9216 0.7633 0.9266 0.4764 0.4694 0.8701 0.3066 0.8584 0.5130 0.6395 0.9544 0.9286 0.6194 0.7794 0.6076 0.5150 0.5013 0.8062 0.9534 0.5686 
27 0.7504 0.8200 0.7345 0.4555 0.1988 0.8387 0.8454 0.8781 0.4794 0.4911 0.4371 0.4010 0.2544 0.3637 0.8773 0.7238 0.2337 0.1840 0.5822 0.7468 0.8235 0.5366 0.6753 0.4429 0.3160 0.2829 0.9579 0.8173 0.0891 0.9113 0.3859 0.8395 0.7313 0.1203 
28 0.2950 0.9300 0.9590 0.1404 0.8082 0.4384 0.6315 0.2453 0.8393 0.8860 0.6090 0.7167 0.6098 0.8427 0.9007 0.1920 0.5895 0.7242 0.7286 0.2648 0.1671 0.0446 0.5478 0.1250 0.8618 0.6369 0.0363 0.2477 0.4764 0.7675 0.3680 0.7715 0.6976 0.3270 
29 0.9119 0.5058 0.7654 0.5434 0.7511 0.6048 0.4294 0.3600 0.3215 0.0392 0.2028 0.2221 0.2311 0.7922 0.9463 0.9597 0.0571 0.1134 0.0043 0.6048 0.2384 0.8661 0.2417 0.2747 0.1138 0.7182 0.0422 0.4818 0.4896 0.7398 0.8088 0.4015 0.2456 0.5742 
30 0.9449 0.9966 0.1790 0.3743 0.3567 0.5005 0.4134 0.5594 0.7226 0.6446 0.3517 0.6689 0.6043 0.4088 0.7823 0.6086 0.0136 0.0207 0.4746 0.2553 0.2954 0.5884 0.9735 0.3376 0.0702 0.4631 0.0774 0.8790 0.8646 0.3230 0.4533 0.8096 0.3196 0.6323 
31 0.1838 0.6763 0.1327 0.5973 0.2357 0.8553 0.2419 0.5874 0.5243 0.8462 0.9961 0.3066 0.4547 0.0097 0.3273 0.9294 0.2651 0.6227 0.5178 0.2386 0.9603 0.5880 0.7017 0.0377 0.4670 0.5663 0.3606 0.9203 0.3759 0.6802 0.5525 0.5597 0.3565 0.6853 
32 0.1570 0.5922 0.5406 0.3989 0.1796 0.0648 0.2451 0.1757 0.3714 0.6998 0.1854 0.6987 0.6292 0.4505 0.3214 0.1470 0.6891 0.2817 0.7350 0.3908 0.3194 0.2020 0.9571 0.6800 0.1223 0.3330 0.3602 0.6748 0.8928 0.7167 0.3600 0.0498 0.3089 0.9006 
33 0.4487 0.4884 0.9655 0.6938 0.6641 0.3369 0.3936 0.8495 0.0356 0.0228 0.3000 0.3571 0.1698 0.9891 0.6388 0.9048 0.3798 0.9581 0.1068 0.3370 0.6381 0.2290 0.6700 0.9983 0.9038 0.5628 0.7150 0.2638 0.6126 0.0238 0.1645 0.0613 0.5122 0.1299 
34 0.7551 0.1763 0.4668 0.1487 0.0259 0.5025 0.1715 0.3259 0.8595 0.3413 0.3150 0.4983 0.2461 0.6948 0.4564 0.3529 0.0318 0.0945 0.5819 0.7018 0.0929 0.4857 0.2645 0.8078 0.7495 0.8771 0.8317 0.9140 0.9384 0.3439 0.0439 0.6935 0.5202 0.5108 
35 0.8422 0.5461 0.0132 0.0137 0.8720 0.8727 0.3551 0.1870 0.3710 0.6012 0.8818 0.8274 0.9540 0.9136 0.9220 0.5359 0.6154 0.0148 0.0216 0.8799 0.8227 0.7711 0.7570 0.6543 0.6851 0.6954 0.9982 0.7290 0.3888 0.5184 0.2398 0.2310 0.0646 0.2530 
36 0.2448 0.9366 0.1257 0.5999 0.1236 0.4967 0.2010 0.0054 0.3242 0.1551 0.9189 0.2462 0.6910 0.5343 0.2610 0.7126 0.4142 0.0836 0.4837 0.1712 0.7379 0.1688 0.8665 0.7361 0.8978 0.2554 0.2546 0.1376 0.4864 0.3191 0.3906 0.7312 0.2557 0.5164 
37 0.3310 0.3793 0.0131 0.5321 0.3846 0.3373 0.6871 0.3036 0.5834 0.3781 0.8379 0.8444 0.0907 0.2521 0.9281 0.5744 0.4232 0.6660 0.7432 0.2898 0.4022 0.6410 0.5451 0.6567 0.7787 0.0315 0.9759 0.1693 0.7627 0.2316 0.6857 0.0937 0.6109 0.6988 
38 0.6258 0.9955 0.0361 0.3129 0.2991 0.6195 0.6910 0.1369 0.4639 0.7817 0.3890 0.3920 0.3561 0.8122 0.0580 0.0993 0.1020 0.4602 0.7404 0.6471 0.1169 0.5190 0.6786 0.0928 0.6883 0.4413 0.3244 0.3740 0.5350 0.9353 0.0728 0.1607 0.9308 0.1088 
39 0.4736 0.2298 0.7283 0.1646 0.3668 0.1923 0.9464 0.7558 0.5843 0.3025 0.5680 0.6423 0.4019 0.6699 0.1025 0.1422 0.3170 0.2194 0.6613 0.9956 0.3122 0.3496 0.4369 0.6366 0.7236 0.9719 0.5719 0.7964 0.1326 0.5027 0.9052 0.6062 0.7325 0.6335 
40 0.7708 0.0993 0.8258 0.7172 0.8550 0.4101 0.0197 0.4230 0.0524 0.4216 0.0929 0.1548 0.5638 0.4100 0.3742 0.2251 0.4056 0.6864 0.5747 0.8425 0.3231 0.2983 0.8144 0.8950 0.0946 0.9470 0.3977 0.9998 0.5532 0.1302 0.6333 0.3240 0.2295 0.4591 
41 0.0412 0.0845 0.8692 0.0609 0.5075 0.9216 0.4825 0.6004 0.0765 0.0463 0.0104 0.4507 0.2714 0.4160 0.1371 0.8461 0.2585 0.4602 0.1444 0.0729 0.3552 0.2390 0.0198 0.7529 0.2388 0.5730 0.8830 0.8722 0.8970 0.1125 0.3313 0.9382 0.1970 0.2006 
42 0.9992 0.7045 0.1222 0.4817 0.3049 0.1986 0.5280 0.3153 0.6493 0.7994 0.7313 0.7865 0.6455 0.9898 0.2467 0.7899 0.0626 0.6019 0.0290 0.0825 0.3548 0.2678 0.6554 0.2378 0.1400 0.5524 0.3503 0.4714 0.4906 0.5473 0.6719 0.4898 0.2517 0.7941 
43 0.9714 0.5566 0.9928 0.4994 0.8719 0.6421 0.2989 0.6032 0.4286 0.9444 0.5930 0.6753 0.7344 0.6556 0.2772 0.7633 0.7381 0.6319 0.0311 0.3935 0.8697 0.1711 0.9459 0.2200 0.6425 0.4365 0.7673 0.3144 0.9263 0.0190 0.1085 0.8977 0.5756 0.1013 
44 0.3972 0.4475 0.7434 0.6960 0.0507 0.1720 0.6405 0.6437 0.8472 0.3748 0.2993 0.1244 0.1382 0.0374 0.7563 0.1693 0.4309 0.6260 0.3405 0.3768 0.8460 0.9830 0.8134 0.6133 0.2974 0.7396 0.6323 0.4059 0.6373 0.2079 0.5072 0.0345 0.6554 0.2506 
45 0.7305 0.7061 0.4226 0.3710 0.3498 0.2698 0.7459 0.6491 0.3942 0.8840 0.6865 0.1505 0.0533 0.1174 0.7765 0.3938 0.4943 0.6226 0.3768 0.3076 0.2359 0.6741 0.0472 0.8682 0.0801 0.6846 0.0761 0.5873 0.7191 0.7315 0.8379 0.4496 0.4375 0.2605 
46 0.8207 0.7873 0.5303 0.5665 0.4364 0.9245 0.4505 0.1229 0.0750 0.5039 0.2403 0.8515 0.8977 0.7346 0.4741 0.2744 0.0422 0.7100 0.9486 0.0894 0.5781 0.0287 0.7740 0.6542 0.6160 0.4931 0.3856 0.4539 0.9428 0.8232 0.7143 0.7634 0.6105 0.2446 
47 0.3299 0.0469 0.1691 0.7805 0.1698 0.2440 0.2844 0.4101 0.0956 0.1821 0.1447 0.5697 0.4565 0.1869 0.2796 0.4051 0.2763 0.8578 0.4337 0.0503 0.5119 0.0497 0.5435 0.8976 0.5035 0.4862 0.7208 0.2179 0.2497 0.3313 0.4625 0.5796 0.3782 0.6315 
48 0.3601 0.5479 0.8756 0.6445 0.9580 0.9711 0.8265 0.1027 0.5408 0.2830 0.2896 0.8204 0.6881 0.5659 0.6782 0.1218 0.6162 0.1901 0.1715 0.1597 0.0877 0.6751 0.6459 0.8085 0.8929 0.8956 0.1398 0.3554 0.4752 0.5179 0.9869 0.8353 0.0658 0.8625 
49 0.4798 0.0239 0.8337 0.3063 0.1266 0.3744 0.5893 0.4161 0.1949 0.2774 0.9820 0.8730 0.3992 0.5982 0.0631 0.5708 0.7579 0.1508 0.2458 0.4039 0.9593 0.1388 0.2995 0.0991 0.4942 0.7747 0.6170 0.4811 0.6100 0.6828 0.3436 0.0898 0.7067 0.1773 
50 0.3961 0.8333 0.5517 0.9854 0.2494 0.7466 0.2628 0.2314 0.6196 0.6620 0.8297 0.6827 0.2327 0.5876 0.8336 0.4786 0.9915 0.7929 0.6173 0.2910 0.8920 0.1115 0.0657 0.5090 0.5926 0.6757 0.1918 0.9362 0.7654 0.8985 0.1135 0.1615 0.7318 0.6652 
51 0.1469 0.9812 0.4118 0.4096 0.2126 0.0314 0.0716 0.0423 0.7141 0.3044 0.6299 0.5477 0.7829 0.6214 0.3406 0.4003 0.9123 0.2326 0.5118 0.9780 0.7415 0.1044 0.6537 0.9333 0.0406 0.4191 0.8319 0.1542 0.5806 0.5636 0.8194 0.7275 0.5448 0.2312 
52 0.1371 0.7575 0.2626 0.2087 0.7998 0.9767 0.5131 0.4297 0.5244 0.2960 0.0511 0.8650 0.6963 0.9634 0.0976 0.2081 0.9414 0.8391 0.3125 0.5951 0.7725 0.3531 0.0141 0.6043 0.5073 0.5947 0.1679 0.3267 0.3222 0.7128 0.5578 0.4593 0.4702 0.8204 
53 0.6680 0.2700 0.7971 0.1810 0.6997 0.3215 0.4770 0.7507 0.1865 0.1733 0.7141 0.2841 0.3814 0.6555 0.1232 0.6939 0.2506 0.8956 0.0470 0.2648 0.4999 0.5543 0.8595 0.6679 0.8810 0.1817 0.3806 0.4388 0.6409 0.8509 0.2592 0.3089 0.1209 0.0563 
54 0.4899 0.8206 0.3778 0.9670 0.5713 0.5643 0.1403 0.2854 0.8483 0.5217 0.9410 0.9715 0.2156 0.1916 0.8671 0.2626 0.4563 0.3670 0.8169 0.3158 0.0349 0.6979 0.4975 0.4155 0.1367 0.1384 0.2664 0.3959 0.4473 0.3873 0.4522 0.9372 0.2079 0.8300 
55 0.9042 0.7791 0.3943 0.0445 0.0646 0.2426 0.5662 0.0056 0.2141 0.7818 0.1971 0.0812 0.0444 0.6535 0.4483 0.8614 0.9693 0.4832 0.5593 0.4668 0.8987 0.6960 0.6052 0.1652 0.0919 0.0525 0.5525 0.5442 0.9897 0.7603 0.3742 0.8939 0.5395 0.7685 
56 0.9384 0.6041 0.0111 0.5046 0.6096 0.2253 0.2864 0.8067 0.3065 0.3309 0.4602 0.7548 0.1922 0.4295 0.2380 0.7515 0.8963 0.1367 0.4475 0.5015 0.3019 0.5395 0.5540 0.8544 0.0837 0.5438 0.6147 0.4578 0.4377 0.1542 0.2264 0.3761 0.7582 0.2375 
57 0.8807 0.3678 0.4628 0.1672 0.1745 0.7693 0.4980 0.6348 0.5241 0.6903 0.0643 0.7621 0.4418 0.9606 0.8988 0.8893 0.4621 0.2007 0.4288 0.0161 0.0551 0.5125 0.5599 0.6698 0.9703 0.9976 0.8239 0.1967 0.3737 0.5821 0.4342 0.2545 0.9499 0.8969 
58 0.4216 0.1245 0.6662 0.9196 0.7592 0.1904 0.6099 0.8235 0.9525 0.0517 0.7841 0.8513 0.9410 0.2462 0.0520 0.3698 0.2624 0.1071 0.8823 0.8223 0.7769 0.8526 0.8199 0.6008 0.0493 0.1936 0.1829 0.4834 0.4481 0.1329 0.3804 0.8697 0.2573 0.0466 
59 0.7893 0.0166 0.2370 0.3992 0.8401 0.1895 0.4509 0.6242 0.0408 0.3919 0.8704 0.0928 0.7617 0.1328 0.2000 0.6440 0.9551 0.9769 0.4966 0.7749 0.5777 0.5459 0.9685 0.7606 0.0293 0.4166 0.8935 0.4097 0.2862 0.1508 0.4563 0.0756 0.1674 0.6933 
60 0.4748 0.0075 0.8828 0.9256 0.6317 0.9235 0.3175 0.5022 0.0164 0.0792 0.6350 0.2163 0.7232 0.5900 0.1932 0.2198 0.3649 0.7709 0.7657 0.3335 0.5315 0.7950 0.7500 0.4250 0.2047 0.0363 0.5758 0.6610 0.1118 0.7433 0.3543 0.5866 0.7508 0.2371 
61 0.5122 0.3825 0.1606 0.8297 0.8846 0.1770 0.9089 0.5196 0.3933 0.6321 0.1096 0.5866 0.8519 0.4745 0.3575 0.6176 0.8080 0.8890 0.4126 0.5580 0.3140 0.6172 0.5943 0.8899 0.2782 0.7061 0.6331 0.6325 0.2927 0.3839 0.8696 0.8049 0.7663 0.0302 
62 0.6346 0.6510 0.2072 0.5435 0.1706 0.6005 0.1756 0.2802 0.1871 0.0275 0.7547 0.5445 0.6450 0.5627 0.4335 0.0576 0.1208 0.7475 0.6749 0.7151 0.6374 0.9531 0.4212 0.2705 0.5856 0.7138 0.6544 0.4552 0.5187 0.4207 0.4854 0.1533 0.0717 0.6926 
63 0.6968 0.2423 0.2932 0.8724 0.5225 0.4803 0.8998 0.2772 0.0248 0.5449 0.8399 0.4583 0.6025 0.9607 0.2059 0.2773 0.6757 0.8433 0.2304 0.0969 0.1138 0.8160 0.8108 0.7681 0.2713 0.3295 0.1889 0.7567 0.4828 0.2605 0.4493 0.1796 0.5028 0.7425 
64 0.0519 0.0253 0.2228 0.9518 0.3025 0.2476 0.4966 0.1424 0.7059 0.0991 0.1031 0.9118 0.3764 0.7788 0.7550 0.6068 0.8757 0.8688 0.4229 0.6865 0.6370 0.6941 0.0160 0.8258 0.4508 0.4988 0.0864 0.9002 0.6784 0.5892 0.6427 0.7303 0.6144 0.8654 
65 0.6821 0.9169 0.1130 0.1787 0.0593 0.8189 0.2778 0.1624 0.7306 0.6542 0.9412 0.4857 0.2610 0.8170 0.3545 0.6838 0.5035 0.9915 0.3779 0.5194 0.8173 0.8288 0.0182 0.9037 0.7290 0.6966 0.4929 0.3716 0.4269 0.1073 0.2370 0.1090 0.0242 0.3500 
66 0.2876 0.0835 0.1689 0.5654 0.2459 0.8995 0.2195 0.1871 0.3852 0.4805 0.0041 0.7397 0.1643 0.5075 0.7312 0.5423 0.0270 0.5485 0.3711 0.0452 0.4522 0.1000 0.7418 0.9450 0.4716 0.1687 0.0523 0.7087 0.2776 0.0765 0.0587 0.5653 0.1600 0.2276 
67 0.1307 0.4059 0.1271 0.3502 0.5930 0.5123 0.8307 0.5971 0.2520 0.9951 0.1046 0.9832 0.5373 0.1316 0.5317 0.9084 0.1768 0.9839 0.0084 0.9186 0.9289 0.4801 0.0872 0.9812 0.1888 0.3649 0.0577 0.2475 0.9301 0.2177 0.4751 0.0608 0.6236 0.6022 
68 0.4110 0.2166 0.1146 0.2418 0.8137 0.3666 0.2368 0.9183 0.3498 0.7742 0.0499 0.8816 0.6826 0.2267 0.8654 0.6910 0.1452 0.7943 0.1711 0.2324 0.7755 0.3599 0.5973 0.8331 0.6074 0.5275 0.0508 0.0825 0.5883 0.6744 0.6847 0.9993 0.8910 0.7993 
69 0.2411 0.7047 0.1659 0.4779 0.6230 0.5157 0.2521 0.6729 0.3973 0.9346 0.8996 0.2627 0.6257 0.0448 0.0570 0.7967 0.2773 0.8324 0.1566 0.8746 0.6656 0.7640 0.4020 0.7164 0.8464 0.9903 0.3908 0.5311 0.9896 0.2818 0.3304 0.2307 0.9866 0.4963 
70 0.7086 0.6096 0.0120 0.9607 0.2826 0.4093 0.8953 0.1822 0.6719 0.5210 0.2270 0.7289 0.3177 0.5042 0.5613 0.4743 0.3788 0.2269 0.2383 0.7809 0.9433 0.0847 0.7712 0.3341 0.6159 0.7608 0.6159 0.9463 0.9916 0.6025 0.4425 0.7002 0.2122 0.4545 
71 0.6608 0.4947 0.8638 0.5561 0.6769 0.5357 0.0771 0.9039 0.2646 0.3948 0.4081 0.8259 0.8691 0.7869 0.0528 0.1074 0.5678 0.9961 0.1922 0.3390 0.3302 0.8080 0.0998 0.9462 0.7543 0.0914 0.5487 0.1968 0.7915 0.7608 0.6513 0.4524 0.2556 0.5151 
72 0.0085 0.9324 0.0508 0.0856 0.8363 0.3154 0.4804 0.2445 0.1414 0.3495 0.0314 0.1942 0.4570 0.5992 0.1903 0.6491 0.9382 0.5205 0.4572 0.0380 0.4667 0.2115 0.1294 0.0154 0.4083 0.9210 0.7762 0.0597 0.3733 0.0318 0.5748 0.3818 0.9642 0.6256 
73 0.4674 0.8005 0.9410 0.9478 0.0450 0.0824 0.2974 0.0764 0.2766 0.7543 0.6756 0.4669 0.4035 0.6138 0.9875 0.8607 0.6518 0.4542 0.0722 0.7812 0.4696 0.4805 0.7022 0.2458 0.5402 0.0755 0.2775 0.1150 0.4573 0.2418 0.7406 0.9248 0.0423 0.6816 
74 0.8726 0.0873 0.7640 0.1700 0.1637 0.0405 0.9243 0.8393 0.5075 0.3278 0.4531 0.4949 0.1885 0.1049 0.9491 0.2607 0.8862 0.4187 0.7412 0.5884 0.6645 0.2814 0.6639 0.9420 0.3964 0.1212 0.1838 0.1369 0.0460 0.2261 0.8185 0.9186 0.3134 0.5824 
75 0.0886 0.4771 0.6230 0.0129 0.3164 0.1305 0.3407 0.7695 0.6254 0.5293 0.8745 0.5745 0.7900 0.7606 0.9932 0.5312 0.3490 0.6577 0.8126 0.0129 0.5997 0.2089 0.1341 0.7834 0.3458 0.1800 0.0095 0.1643 0.0986 0.3229 0.7468 0.1872 0.8000 0.3698 
76 0.2001 0.1164 0.5002 0.5408 0.8860 0.1256 0.0701 0.7604 0.7002 0.8601 0.5211 0.6933 0.3912 0.8701 0.3510 0.2038 0.8829 0.9506 0.4127 0.0170 0.7341 0.7586 0.1970 0.7436 0.9229 0.2956 0.0665 0.6697 0.4828 0.8665 0.0395 0.6829 0.9829 0.5397 
77 0.2237 0.8689 0.6653 0.2938 0.6293 0.3655 0.1539 0.1504 0.0588 0.5451 0.0205 0.4098 0.7489 0.9034 0.3605 0.1616 0.9204 0.0946 0.9202 0.1174 0.8381 0.8432 0.4130 0.9046 0.5128 0.8958 0.7711 0.5523 0.5787 0.7541 0.0920 0.8024 0.6230 0.7574 
78 0.0962 0.2523 0.1229 0.2501 0.4027 0.1817 0.7952 0.4232 0.5915 0.5441 0.3266 0.9520 0.7058 0.2470 0.0466 0.6260 0.3644 0.8847 0.4692 0.7774 0.7893 0.9820 0.6732 0.5604 0.5343 0.2519 0.3145 0.6264 0.0543 0.9374 0.3837 0.1506 0.1897 0.5066 
79 0.4007 0.5925 0.6883 0.1959 0.0157 0.2798 0.7400 0.3423 0.2318 0.4458 0.5893 0.2783 0.0718 0.9537 0.1630 0.5410 0.7311 0.9523 0.5230 0.4043 0.5128 0.0573 0.6562 0.8272 0.6836 0.7105 0.7647 0.0674 0.8610 0.9544 0.5739 0.2617 0.5469 0.2622 
80 0.4576 0.5626 0.5420 0.1976 0.9049 0.7738 0.6434 0.4943 0.0521 0.7152 0.4480 0.2152 0.2562 0.1791 0.1675 0.7791 0.5834 0.6803 0.8364 0.2396 0.5075 0.5201 0.9500 0.2722 0.5875 0.8111 0.2266 0.1614 0.0728 0.7735 0.4236 0.5304 0.3361 0.9656 
81 0.7280 0.2410 0.7394 0.3714 0.7352 0.7915 0.0866 0.1832 0.0066 0.3428 0.3623 0.1741 0.1220 0.9457 0.8544 0.9584 0.1853 0.3619 0.4785 0.1353 0.6341 0.0659 0.9464 0.8607 0.2273 0.0192 0.6342 0.6509 0.5496 0.9702 0.6165 0.2776 0.2112 0.3559 
82 0.6490 0.9465 0.1474 0.7356 0.1297 0.1541 0.0784 0.4920 0.3282 0.2004 0.4378 0.1826 0.1588 0.6231 0.5445 0.6373 0.7584 0.1786 0.7032 0.7048 0.0392 0.9306 0.7240 0.6734 0.5815 0.2736 0.6436 0.1980 0.5512 0.8549 0.5540 0.2002 0.8013 0.7014 
83 0.9358 0.9310 0.8554 0.0143 0.4231 0.1836 0.2146 0.8608 0.3662 0.3734 0.4839 0.9107 0.0107 0.2423 0.0893 0.7139 0.9471 0.1285 0.6445 0.6711 0.8020 0.2260 0.9447 0.4456 0.4240 0.4959 0.3004 0.9780 0.6961 0.1018 0.6794 0.6319 0.0328 0.5348 
84 0.6461 0.4559 0.7184 0.8608 0.3167 0.0847 0.2342 0.8006 0.9954 0.2449 0.0429 0.0847 0.9588 0.9900 0.2132 0.6033 0.6611 0.0152 0.8293 0.6058 0.4608 0.2533 0.1016 0.7612 0.2313 0.7977 0.8630 0.9106 0.4296 0.8958 0.4454 0.0757 0.3516 0.1639 
85 0.9365 0.6683 0.2485 0.1707 0.4689 0.2439 0.4156 0.5118 0.3286 0.3745 0.5017 0.5418 0.9778 0.1628 0.5570 0.8070 0.7686 0.0178 0.0603 0.8702 0.7790 0.2916 0.6679 0.6420 0.2023 0.0975 0.5378 0.6477 0.1732 0.8895 0.8115 0.1097 0.5578 0.0600 
86 0.2804 0.0267 0.3039 0.6960 0.5385 0.6325 0.0705 0.0402 0.1744 0.0482 0.2031 0.7314 0.8553 0.9716 0.7492 0.9156 0.8419 0.5283 0.2072 0.5098 0.1703 0.4095 0.6073 0.7081 0.0572 0.7805 0.5976 0.8687 0.8902 0.1554 0.9287 0.1706 0.1821 0.2327 
87 0.8666 0.7206 0.8652 0.9370 0.7608 0.0396 0.9853 0.9639 0.7710 0.8405 0.9355 0.5202 0.7561 0.7773 0.0485 0.9634 0.2871 0.2187 0.3729 0.8944 0.9268 0.4300 0.6749 0.5244 0.2987 0.5651 0.6798 0.2275 0.7356 0.8618 0.4601 0.6022 0.5824 0.3253 
88 0.5393 0.3432 0.3649 0.5245 0.3070 0.1359 0.3651 0.2425 0.6561 0.1212 0.0199 0.7046 0.0846 0.3070 0.9234 0.4574 0.2014 0.8502 0.8875 0.8762 0.3746 0.1862 0.4413 0.0544 0.4137 0.1769 0.9162 0.8738 0.7792 0.4986 0.1991 0.3184 0.8417 0.5641 
89 0.8429 0.1488 0.7000 0.2080 0.3913 0.3562 0.3292 0.4111 0.0608 0.4137 0.7181 0.9841 0.8712 0.9195 0.8343 0.7587 0.7957 0.2089 0.9449 0.2370 0.2633 0.3585 0.4140 0.1795 0.2323 0.1931 0.6780 0.4314 0.5115 0.5198 0.9955 0.3544 0.6686 0.6955 
90 0.5624 0.0599 0.0517 0.8916 0.4710 0.1125 0.3053 0.1891 0.0966 0.1765 0.1086 0.9309 0.9352 0.9043 0.1399 0.8801 0.1414 0.4032 0.2386 0.5553 0.5827 0.4709 0.7484 0.2607 0.9024 0.2600 0.7805 0.8979 0.6144 0.4491 0.5934 0.1768 0.5090 0.6451 
91 0.0684 0.9800 0.7576 0.3737 0.1691 0.8542 0.5502 0.2777 0.7851 0.4854 0.1821 0.9250 0.3655 0.3234 0.3282 0.6041 0.8787 0.9109 0.0750 0.6272 0.1716 0.9774 0.8871 0.9522 0.8752 0.5015 0.4013 0.4687 0.6783 0.9103 0.1138 0.7467 0.8903 0.8713 
92 0.1204 0.0594 0.7255 0.6706 0.3371 0.5106 0.1560 0.5192 0.4356 0.5215 0.8426 0.7638 0.1256 0.7214 0.6747 0.2006 0.3486 0.8463 0.1780 0.2357 0.7985 0.0532 0.7372 0.1998 0.5219 0.4155 0.1100 0.6357 0.1622 0.0003 0.5070 0.2826 0.0597 0.2325 
93 0.9533 0.3968 0.7430 0.1093 0.9160 0.1786 0.6308 0.7587 0.9424 0.7565 0.4801 0.6171 0.9571 0.8287 0.4634 0.1351 0.0644 0.2619 0.1883 0.8016 0.4617 0.7102 0.2171 0.5717 0.3459 0.3794 0.5720 0.8529 0.6620 0.6316 0.0853 0.6153 0.0285 0.8283 
94 0.7246 0.9445 0.0070 0.3554 0.7032 0.9494 0.1119 0.1833 0.5665 0.0690 0.0119 0.0299 0.2041 0.0763 0.2918 0.3924 0.8779 0.7534 0.1026 0.0950 0.3251 0.4485 0.4744 0.8971 0.3014 0.1364 0.5287 0.3867 0.7517 0.5572 0.2150 0.4762 0.5017 0.2220 
95 0.8316 0.2048 0.1714 0.9435 0.3881 0.7378 0.0125 0.4000 0.7677 0.2165 0.4763 0.0595 0.6089 0.3541 0.8129 0.7115 0.4491 0.1380 0.1601 0.9235 0.0351 0.4614 0.0599 0.5638 0.8481 0.8116 0.1210 0.0631 0.2878 0.6227 0.2851 0.1194 0.8275 0.4565 
96 0.0629 0.2156 0.1943 0.0754 0.6156 0.9620 0.2919 0.0919 0.0215 0.9008 0.4460 0.8344 0.6124 0.8951 0.9725 0.7724 0.8186 0.0076 0.2339 0.8785 0.5714 0.0820 0.6901 0.6924 0.1451 0.9779 0.3150 0.4302 0.0973 0.1425 0.8867 0.1602 0.3581 0.0810 
97 0.2356 0.9737 0.0431 0.5275 0.0656 0.0646 0.4283 0.5115 0.8990 0.0407 0.4067 0.8715 0.8132 0.2253 0.8790 0.0470 0.1038 0.4504 0.1290 0.7939 0.1428 0.2742 0.7717 0.4578 0.7044 0.8690 0.6003 0.5911 0.0292 0.9584 0.6722 0.2648 0.9321 0.7152 
98 0.7923 0.9977 0.7798 0.2207 0.5092 0.6788 0.2614 0.9159 0.5503 0.0746 0.1411 0.4293 0.1216 0.2449 0.8797 0.2507 0.0388 0.0225 0.5248 0.8105 0.4803 0.2292 0.6795 0.0806 0.8203 0.7087 0.0390 0.4925 0.9735 0.9711 0.2078 0.7659 0.9688 0.9876 
99 0.9865 0.4780 0.6664 0.2479 0.3938 0.2167 0.3225 0.5350 0.6461 0.4441 0.7799 0.5258 0.6948 0.8186 0.5484 0.2196 0.6291 0.0287 0.4488 0.3086 0.1093 0.2692 0.0173 0.1483 0.7617 0.9908 0.1194 0.9694 0.7567 0.0882 0.9570 0.7432 0.5662 0.6235 
